100
159 461
1 1
1 1
107 178
1 1
1 1
493 106
323 77
169 475
117 443
363 487
173 10
302 183
1 1
1 1
52 66
10 95
30 184
249 28
368 350
312 370
212 338
1 1
61 305
95 257
1 1
1 1
234 338
328 66
1 1
1 1
196 382
140 130
58 497
271 161
323 372
235 28
330 136
418 304
1 1
408 410
1 1
227 235
469 430
59 69
371 479
167 101
1 1
32 367
167 291
1 1
108 471
1 1
340 17
1 1
302 426
1 1
1 1
276 194
254 315
355 448
1 1
1 1
1 1
490 483
180 2
288 324
1 1
495 156
1 1
58 420
1 1
1 1
1 1
210 403
1 1
15 260
1 1
1 1
114 343
1 1
154 191
477 62
158 365
414 211
323 130
1 1
1 1
11 198
18 265
232 279
426 96
1 1
1 1
1 1
472 49
1 1
285 474
1 1
1 1
