100
1 1
122 314
1 1
1 1
335 171
280 151
379 249
1 1
267 409
42 373
325 366
1 1
1 1
180 78
87 478
1 1
94 18
1 1
30 281
1 1
1 1
438 291
347 485
1 1
76 71
252 289
287 428
1 1
1 1
1 1
133 45
226 62
6 102
65 145
355 287
53 271
1 1
24 475
1 1
314 276
456 62
1 1
192 76
106 146
59 378
55 491
342 435
1 1
1 1
1 1
207 446
1 1
241 307
283 473
282 280
326 207
283 204
193 81
248 424
441 358
1 1
1 1
152 223
121 53
1 1
93 217
224 375
283 498
486 368
419 209
342 83
1 1
104 51
1 1
1 1
260 496
233 48
301 45
175 324
1 1
242 25
1 1
346 228
410 498
73 339
28 389
1 1
1 1
108 3
340 402
141 447
1 1
46 167
287 191
1 1
29 366
290 363
214 201
241 441
478 289
