14 10 6
3 8 11 10 9 7 14 13 6 4 5 1 12 2 
1 2 0
1 3 0
2 4 1
1 5 1
2 6 0
2 7 0
2 8 0
7 9 0
8 10 0
5 11 1
7 12 0
11 13 0
7 14 1
12
1 9
3 3
4 11
5 3
6 4
7 8
8 5
10 6
11 6
12 11
13 10
14 10
12
1 9
2 6
3 4
4 4
5 2
6 12
7 11
8 12
9 11
10 4
11 8
13 6
13
1 11
2 11
3 6
4 11
5 2
6 6
7 7
8 8
10 10
11 10
12 1
13 7
14 7
8
2 5
3 6
4 1
6 6
8 8
9 8
11 4
12 2
11
1 4
2 4
4 9
5 4
6 7
7 3
8 6
10 6
11 2
12 1
14 10
14
1 3
2 6
3 6
4 5
5 1
6 1
7 4
8 6
9 3
10 1
11 2
12 5
13 6
14 1
14
1 1
2 6
3 2
4 5
5 6
6 2
7 3
8 3
9 6
10 4
11 3
12 3
13 1
14 5
14
1 6
2 5
3 1
4 3
5 6
6 4
7 1
8 5
9 4
10 3
11 2
12 1
13 4
14 4
14
1 3
2 5
3 4
4 4
5 1
6 6
7 1
8 5
9 5
10 5
11 5
12 2
13 1
14 1
14
1 1
2 1
3 4
4 3
5 6
6 2
7 1
8 5
9 6
10 1
11 4
12 4
13 2
14 1
