14 8 9
12 10 13 14 2 6 5 4 11 3 8 9 1 7 
1 2 0
1 3 1
3 4 1
2 5 1
1 6 0
6 7 1
4 8 0
1 9 1
6 10 1
10 11 0
7 12 0
4 13 1
13 14 1
7
1 4
3 7
6 2
9 6
10 5
12 5
13 4
9
1 8
3 9
4 7
5 8
7 6
9 6
10 8
11 7
12 3
7
1 6
3 7
6 4
7 3
8 3
9 6
11 2
11
2 1
3 2
5 1
6 10
7 5
8 8
9 5
10 4
11 2
12 1
14 11
10
1 3
2 6
4 4
5 7
7 2
8 1
9 9
11 8
12 6
13 1
14
1 1
2 1
3 8
4 4
5 8
6 8
7 2
8 3
9 7
10 8
11 4
12 6
13 8
14 2
14
1 1
2 2
3 7
4 1
5 3
6 7
7 3
8 4
9 6
10 7
11 3
12 1
13 3
14 8
14
1 8
2 9
3 8
4 3
5 6
6 3
7 6
8 5
9 9
10 4
11 2
12 4
13 3
14 6
