15 6 9
8 11 15 2 9 14 10 6 4 3 7 1 5 12 13 
1 2 0
1 3 1
3 4 0
1 5 0
3 6 0
4 7 0
4 8 1
5 9 0
3 10 0
8 11 0
9 12 0
4 13 1
7 14 1
12 15 1
10
1 3
2 8
3 4
4 2
5 10
6 5
9 9
11 1
13 9
15 6
8
2 5
3 8
6 6
7 8
8 8
9 5
14 5
15 8
10
1 4
2 6
3 9
4 3
6 4
7 9
9 10
11 1
12 9
15 9
10
1 3
2 4
4 9
5 4
7 6
10 5
11 8
12 5
13 9
15 6
11
1 4
3 4
5 3
6 7
7 4
8 3
9 10
11 4
12 6
13 10
15 10
15
1 6
2 7
3 3
4 3
5 1
6 7
7 1
8 7
9 1
10 6
11 6
12 5
13 6
14 3
15 6
