11 10 10
1 11 9 7 5 4 2 3 6 10 8 
1 2 0
1 3 0
2 4 1
2 5 0
3 6 0
4 7 1
2 8 0
1 9 1
4 10 0
6 11 0
9
1 5
2 6
4 6
5 8
6 1
7 1
8 8
10 2
11 3
4
1 4
2 3
5 2
9 4
5
1 5
2 3
3 1
5 4
10 1
6
3 5
5 4
6 1
7 2
8 4
10 4
10
1 6
2 1
3 3
4 2
6 10
7 1
8 2
9 4
10 8
11 8
11
1 6
2 9
3 9
4 2
5 5
6 7
7 1
8 3
9 1
10 7
11 4
11
1 1
2 5
3 5
4 7
5 4
6 4
7 6
8 7
9 4
10 6
11 6
11
1 8
2 7
3 7
4 8
5 1
6 10
7 2
8 7
9 10
10 10
11 6
11
1 1
2 9
3 3
4 7
5 10
6 2
7 4
8 1
9 7
10 2
11 10
11
1 4
2 2
3 10
4 7
5 8
6 7
7 9
8 10
9 5
10 4
11 4
