12 9 7
8 3 2 4 6 1 11 9 7 5 10 12 
1 2 0
2 3 1
3 4 1
4 5 1
4 6 0
2 7 0
3 8 1
1 9 0
3 10 0
6 11 0
8 12 0
5
1 5
3 2
4 4
5 1
8 3
8
1 2
2 8
3 1
4 4
5 3
8 5
9 5
10 3
7
2 5
3 6
6 4
7 5
10 5
11 1
12 7
7
4 7
5 3
7 2
9 1
10 5
11 4
12 6
6
1 1
2 6
3 6
4 3
6 1
11 1
12
1 2
2 4
3 6
4 5
5 6
6 6
7 3
8 1
9 7
10 5
11 2
12 2
12
1 4
2 1
3 6
4 4
5 5
6 5
7 3
8 2
9 4
10 6
11 6
12 1
12
1 7
2 4
3 5
4 7
5 1
6 7
7 6
8 2
9 4
10 4
11 2
12 4
12
1 1
2 1
3 7
4 2
5 3
6 4
7 1
8 3
9 1
10 4
11 4
12 1
