273 267
84643701 373517630 3832978 386381366 146604523 37503597 447266363 138708280 339432435 479476298 145096964 50308897 324298752 107285339 296430001 450728115 444848785 69393380 316822065 48479437 12058333 390018286 441893733 379898136 126019621 132084460 485962508 278468088 341902626 342590019 151699588 279062680 216107649 8048918 165444046 362712172 45552515 465226762 1420453 384984951 444703060 499033769 435293848 121518165 106319108 231723849 424762632 403684246 153633582 94101050 452163683 18208267 484119336 246573768 398106403 462655309 231174580 384068911 241123398 73077207 79175282 245339338 204656239 295282931 253388257 370100285 10511456 298940772 335327047 11931909 183925723 132546460 363482030 119219571 106580977 469801138 203459773 383859961 226001736 357093355 477961011 178165420 375301622 462080347 424739188 125924377 424735657 8430121 362509640 18375407 81507328 441684922 263714745 138679919 236967853 17103002 8780204 247479309 316043775 196623604 111927570 499969498 181686416 475409600 471705422 288267393 297727091 27681547 24643706 23728827 384774902 2604718 54410599 112592876 464685065 331666140 91033605 241937074 340096261 453543245 260312481 274119941 247744519 24027227 412799860 484712372 393646581 274096416 84708034 62206708 470720020 49151956 62176207 4922788 377077909 386397981 293190181 27321352 414079528 317833888 51050179 151370782 172954958 105460779 116480010 137640023 289643271 207513615 232093450 129739532 13573212 492405931 403859473 261317731 368949510 169175685 98546455 115112444 443272101 35770841 177319152 266508474 84922798 92011711 271431262 462000707 478409692 64621444 489322059 245005572 234971684 392888590 396376354 407926642 350865721 365372716 398083017 140508992 72886331 130176467 122764876 86459543 475098751 379140701 200293626 196564613 48316386 298840082 311677057 491588488 334610923 488996210 110613314 272050073 81007921 382044576 86567132 59417614 299182372 75889191 156939538 34154056 321294134 405832245 294597050 24676207 271204961 45196420 17701552 196607645 27889239 140466428 135583540 2987990 19607130 335877167 199552604 67923516 134717249 11229661 412028356 321844524 352742223 22641670 93894598 433750145 257202599 180461730 345684111 56384971 108867274 2623649 443055380 282677760 408455894 90168782 307353967 32177208 135365202 325055519 228784853 163254442 465521948 364368393 18758784 337645430 200245560 70827740 258085298 187479161 434573754 22630007 361840038 287315977 397788029 308250988 221066122 154990628 488712718 419266585 211375600 450096344 421890235 154430980 85290456 182862481 244599762 392644424 67556041 232481317 70216295 296340894 248252111
2 57 267010895
78 124 337838636
140 92 124928742
184 151 412244719
186 14 485827194
206 151 405093779
149 84 179500366
78 153 214879200
37 196 282435241
113 27 78776136
220 28 92001776
98 251 305472976
149 262 411456042
269 172 26762794
72 84 302836886
15 161 420140049
242 36 340055908
204 258 492745871
12 167 390596611
101 6 211179998
84 226 67501628
140 195 354755988
46 215 125995672
44 82 256367039
63 153 496174471
96 168 147892243
23 8 127928661
33 211 238198351
67 223 428333781
24 195 283332620
7 150 198930626
163 16 442138695
22 61 55828167
15 104 17444136
33 167 34198617
7 134 444435157
14 28 358280239
56 205 102717878
227 271 40110921
19 22 10443666
89 173 387459545
256 207 115676686
216 101 205600769
117 115 363655134
99 19 174151630
233 26 87410792
134 184 81121725
41 239 290307633
31 64 60230739
115 82 486520359
120 170 280356491
146 152 9240762
187 239 232961866
16 82 372482771
221 180 389203221
63 140 279297686
38 273 190658410
40 185 103730406
246 88 256712025
48 202 430453402
17 194 260803507
30 211 94176616
249 125 225227774
23 140 62301502
183 232 122841934
234 21 293564041
37 58 18902980
168 97 157138991
264 214 16022655
23 133 430632189
136 149 468960316
17 178 165950229
50 154 489794965
49 48 498611646
1 230 203539054
260 191 131245171
130 99 221657141
271 267 408413041
196 129 129304152
208 23 149593917
21 158 308319049
26 175 385836037
114 96 243901997
53 144 115478795
131 16 225565555
39 3 110849145
95 4 108176307
80 1 203172748
161 197 57117930
54 3 74207525
80 23 389927641
254 194 265081784
204 34 293846570
52 232 53966127
74 234 107741955
198 273 430532342
111 239 315901329
123 46 135268249
272 78 45772092
50 177 490967969
73 234 24279235
138 209 443426538
43 134 106475839
1 220 385003936
235 177 241613939
106 152 209073088
71 259 137224896
116 110 268549452
66 157 309508291
69 206 424674655
151 150 282285012
230 14 404977153
239 202 174032216
27 202 497053407
33 35 280332905
236 140 494144745
4 83 23857915
184 70 41355686
90 135 457141901
272 75 83847278
229 97 386992413
18 53 133817286
143 19 174329595
145 190 431099726
2 74 121164865
13 78 48566397
240 211 465709176
37 181 151401408
43 178 146601931
118 108 271509813
214 188 178702707
267 25 343389106
157 191 182107722
73 157 370396096
166 30 339017376
221 188 301783401
152 154 140923693
267 62 21419672
197 105 64090257
271 222 190608119
171 34 204118395
89 172 56478661
148 55 230652170
224 272 188441758
121 36 191587392
91 257 127773336
10 135 480012105
11 273 243774938
65 69 412536551
23 211 96267236
88 108 69949889
213 196 297859242
88 216 24472055
26 38 380942948
120 158 122624697
260 248 75714870
42 129 436263512
122 140 227528857
263 204 395879608
236 98 292950401
28 185 42767401
127 269 324033317
270 84 332653606
66 109 250735990
133 100 153709271
108 86 175558119
66 272 323098641
31 120 237254529
268 110 439445456
172 72 493761679
141 99 443327669
234 98 492261823
250 239 197042801
225 31 140839126
93 35 217125260
263 143 264972243
6 208 412153413
151 238 491197225
162 104 450911323
248 2 351315906
30 14 288678211
270 120 332948126
232 96 339533950
149 48 127875034
174 12 136463382
25 146 282890988
106 151 347905426
58 29 267770207
130 62 270014190
37 182 455549685
161 211 117327095
255 79 298113820
45 182 174459529
73 57 79017829
3 230 262524710
240 126 231205795
219 232 13135556
132 161 431412633
26 17 75807907
152 54 33250483
24 86 2534744
182 212 74472006
186 128 93840446
157 200 257682863
48 74 411871089
94 185 421014030
13 130 402600283
82 133 268783261
51 159 215792892
226 182 489507797
182 205 498792938
75 113 327293822
191 170 12991279
71 54 395419259
153 246 454969148
191 66 475587977
226 78 445199437
92 31 359192604
118 81 337854036
160 179 3714275
128 232 164839360
180 178 233523680
43 95 65430113
32 166 277469131
93 190 6207620
226 252 309137586
143 204 475013882
190 167 164455710
96 11 161392057
32 171 41630829
149 25 338422510
198 204 406818196
232 118 173806245
162 150 28194400
17 242 137730932
117 66 209254226
154 209 368811017
269 270 19001587
14 237 281125551
112 268 370975800
132 15 483092836
238 213 263753245
120 171 392767203
96 59 88158692
110 75 392830620
184 63 319301191
92 216 490642031
220 212 352052577
96 225 115241785
128 208 470580043
57 66 274297979
10 175 486202248
39 166 397365587
185 133 220701757
79 114 86196241
86 25 56659
30 261 123936949
183 207 285367346
203 174 148803560
187 29 228154000
164 85 212533143
173 95 497912555
249 5 138594080
239 61 13416668
14 139 298058366
8 96 335282812
209 125 481827880
