227 258
331989949 169644505 322216645 292065891 223073166 434392524 195881783 474610713 259429372 44125769 333830198 313480163 134143732 473386527 249811072 446739571 496136679 200171896 30144580 186155258 434996260 417208317 101798371 491389798 446415123 464506500 437707235 284435811 113331007 475840126 400526718 445320957 145484631 75259715 237386848 368557797 9652239 285784983 195684863 121597964 329910752 29515061 287594479 316570836 2901588 37405551 115826759 351554619 90093799 145971339 390226230 25090059 415696009 344540953 368996210 214627484 309047453 306703445 351579647 274894812 135059924 252106366 72732121 280544555 327366081 310118969 1618705 189534673 448420304 197303568 163648989 278331057 226818629 451243468 94901893 82236569 341165372 210728653 286307541 431259171 209216344 176533771 308865583 477428705 21074724 30378145 192056190 182638529 337081590 43635837 310049693 472141514 148258555 382781815 105202422 328140989 45417136 106821127 370192014 493837441 304124695 33841003 272168498 383459676 337600823 219586743 318212597 178766195 282831748 104520138 110025367 344564445 133570261 271407302 321993150 7161337 301785447 366565692 42316218 491383389 262717882 352365912 316041256 410976437 235147727 421243678 91633778 280564863 28064805 461825792 126918656 184705852 348183147 399087154 420681880 185783971 471190250 238894477 217066518 254021998 195930968 179608237 98586443 182017581 451015539 273095946 41695271 252800986 139661638 84011489 96700728 254895872 288893753 412741984 18388662 376557832 333985662 110022440 9639048 214566819 71848233 136557704 251789023 272547732 35644859 172470903 458331703 359351461 263881732 175398222 465889811 312329052 355006459 416992607 494346634 158538351 190088553 388558257 263855689 182266543 472569746 360556417 289678768 113979852 273298401 308067430 490537684 107284063 418089870 176732 174367234 342454455 136734437 426156257 115002188 24895648 451143512 425850243 384247109 67541597 453764817 202653272 379870649 161287629 119645879 226733635 319825980 162250784 115291892 83681669 344517328 440377991 444238087 134196096 54357843 70052840 294779878 397411879 29853256 65386100 397588612 204220490 260356908 386839401 482893100 227875448 411735049
8 47 148498510
64 215 351151782
51 70 323314014
35 65 485564798
19 117 182598478
43 141 169310926
80 52 464090804
147 123 29476905
104 92 289833813
218 29 17709261
199 176 23951304
105 12 483958165
169 201 457769007
126 9 251405829
120 166 481240673
26 208 7829955
51 60 104472078
203 118 230967457
52 134 414199679
155 36 432841352
79 8 238035990
188 24 249841542
58 192 348128656
135 2 112147321
138 34 157189429
81 198 128665675
164 160 80933902
72 135 263922342
13 186 75219606
134 25 254181447
108 15 65059267
117 115 156351576
189 84 84242859
96 218 172047132
149 128 52812840
53 208 114171166
75 57 320400332
157 128 340623848
41 140 204318617
197 186 53834806
22 66 406881674
221 94 344959583
128 56 499510346
138 63 180819323
150 123 492808694
107 175 64202782
34 23 107864245
121 91 228265162
27 43 156372990
30 12 306387409
197 33 316182475
64 165 423794179
183 65 26547710
20 203 30120781
213 37 341628009
79 144 323291529
65 177 103777015
107 209 264018370
49 147 420454288
182 89 820727
45 197 54266430
201 33 203399722
135 128 252055825
36 147 136993952
138 132 30261235
223 122 189703217
168 187 24458360
47 205 412476054
155 166 489347441
78 120 311907492
12 164 433991013
118 49 114996029
161 95 199882125
180 130 40675999
87 40 318196974
169 175 25253745
167 27 431081797
26 74 143545375
94 140 243425994
221 218 387096644
208 2 85977439
165 119 303734501
155 191 316678363
183 56 3873085
43 54 395439450
33 222 333005466
57 73 492379014
40 98 477337110
140 104 51898124
38 97 489032695
195 216 142077902
200 154 65300177
114 220 462099240
123 87 289563622
86 129 479654571
88 74 267666026
37 130 490784852
151 82 25985762
24 221 490777513
124 170 21991195
126 49 284050652
129 21 63463250
163 135 327741370
73 169 129283490
176 27 361281960
194 114 489417404
29 62 391459919
25 125 203524005
30 148 364122334
138 44 174229956
27 169 168427165
131 209 285207750
74 57 180822566
8 129 319433624
29 77 409946712
179 182 495284930
86 211 408453742
211 147 199381220
14 176 140371770
125 225 135839868
91 163 379850913
17 66 14482808
77 132 410719064
117 66 314799749
193 165 432678747
60 151 39975150
182 111 391247823
101 194 446044502
49 198 364963514
185 156 310628835
120 195 424721321
185 215 176537910
148 203 109177065
206 92 213766196
204 196 228302039
154 28 238122813
189 209 361430033
119 82 331602121
202 42 294662332
44 226 246078764
26 118 77346109
25 215 275612614
74 47 226398496
166 25 290793295
8 1 332437736
153 66 164792767
222 166 203707468
174 58 425818375
93 171 131953474
32 214 142942426
127 152 231673162
101 176 292044431
62 161 312494453
137 11 56258644
76 157 338136754
123 82 90807529
197 77 206762473
25 23 77249408
213 27 148312836
216 59 137432625
129 97 207753961
71 198 431481814
140 32 42703150
115 81 445562330
166 68 206341902
217 190 53343905
106 159 429723857
73 96 344395439
97 81 128960771
204 208 283114891
70 21 200420211
138 92 163255543
15 143 94717149
103 169 73719878
62 107 243573377
89 96 436715381
197 114 317938659
155 186 443467030
47 195 91635221
104 171 41880356
132 152 494693915
117 62 329232710
211 215 190057524
21 90 242179163
51 63 41856270
148 151 427225601
68 120 194127388
59 186 344291400
145 5 12516102
85 21 142081626
144 152 427969653
135 180 225417792
218 75 465907857
215 7 397175702
154 57 112267305
112 204 22557272
165 184 328873157
104 15 18487872
140 72 378247802
144 68 447179125
90 123 303364029
12 30 352255429
221 20 109625220
103 147 465157847
73 212 345089542
18 96 198026384
112 172 108167404
11 48 98483965
96 188 464959448
97 104 446712723
118 105 143173202
202 28 344002096
99 22 83464821
209 124 51618900
10 108 138127144
95 125 89878529
157 10 186615006
86 159 417431261
169 27 184167749
96 123 146824221
2 152 299998655
169 126 71660706
139 136 39744517
128 29 317641594
87 39 7560343
118 133 74284423
69 62 187854753
192 60 29660842
47 1 118190564
1 9 36724423
197 149 379925194
43 3 303673256
56 141 12740392
90 41 116751820
159 127 433381741
109 156 455203345
183 137 85275719
178 101 431766269
16 59 298191664
196 59 149511351
96 28 284954405
8 209 347694029
184 38 34248671
42 39 280599504
156 110 138365428
80 218 98189940
49 85 249951568
80 174 132781671
81 189 164111510
83 70 233141538
144 165 486695976
127 84 77289831
23 179 76583810
148 221 24322430
136 61 443179988
24 52 193233180
206 101 496250077
70 92 245118136
