181 278
87878894 400234389 376762772 147459555 443992692 51421781 492604505 74406284 235217354 330701031 435135898 443694738 117353275 115336440 231820467 320780796 14436581 413338108 357088336 69857087 72265421 243851942 407912335 268212288 48230417 158204503 73860274 82469839 140721819 159081193 123097755 81117065 59315583 352376879 81092972 355824627 403798660 73697477 282747263 139016015 404398508 217883161 435227105 374268135 185735953 19563924 47565283 200172535 432902032 404653620 122545974 5167453 1021914 382974661 125896093 49252331 41179164 52272719 484238522 34417335 211353913 107336277 115534400 123185848 312229508 196627372 331526827 68544521 270324850 114274091 60076888 27239710 184673604 495303993 401507846 370409558 14867917 449073129 423098445 447769949 206243101 45644419 305453754 207265016 281135432 283866200 109033699 322314596 336138919 93272222 356731932 400009184 53124851 472266332 23195032 217870712 21410057 207238212 286415233 291734907 174028655 346492121 171490969 358702259 341796114 72998815 81628169 209180383 22071945 4726614 9466684 80831398 402887385 314920438 288096414 184022817 451302990 249646466 6337414 287441910 342918688 215585698 187451094 248559891 40368382 63162479 466430603 61778439 122917043 105362188 206029698 296945698 304370661 377520668 8164309 146166775 303035835 89792479 207863510 177624132 94519093 217330194 258455531 349922831 32250633 46551945 33945648 336069975 296198411 392799414 123511885 491633451 108385112 163479332 92709695 1269847 79158163 411656650 415564638 202075206 17018839 121594337 351537256 321389500 351631357 359701565 320072628 154667192 449494044 27936138 332291325 396529490 97782685 90746856 98968673 130033318 489815153 132914321 318619645 138529917 25713736
84 71 486615200
96 9 340401399
70 34 255966038
59 36 230076727
20 13 81708084
93 172 88891628
55 86 421182953
44 55 364446161
89 116 206777667
17 31 345307584
27 16 327987304
36 13 403376720
154 165 242939138
35 42 99520395
49 61 130007504
77 56 333083594
61 12 64095822
46 55 245407087
152 45 409268022
63 61 391748602
180 171 168877066
88 25 404132744
88 178 29190153
121 32 98640849
8 80 111505738
172 59 427486384
145 119 53625888
105 164 33937388
21 36 467389557
52 98 191929420
98 179 233270714
160 86 430544991
137 75 476670003
97 98 275095435
181 105 260930718
145 178 15883937
164 141 481363072
96 64 78551077
165 84 24410464
180 37 173202550
158 135 75267621
41 15 58592983
32 53 379071708
19 51 427126581
120 51 154794349
21 14 192082518
162 80 372074680
58 175 463899363
20 61 360447300
101 142 28535571
181 118 7396425
77 159 465906928
142 92 365748882
100 110 383596086
57 48 470605743
118 68 90799943
176 131 319148717
96 8 61794305
79 110 157744
47 112 306661295
52 111 25750729
93 90 185664058
51 50 274495329
61 51 268914545
23 9 444017141
134 126 413250188
160 23 45013974
167 20 320671573
167 181 23806766
47 46 473797312
151 181 48878467
10 175 324317851
111 127 63741152
121 89 146220078
60 112 498881210
128 147 129035249
68 27 228764714
56 12 170144285
133 178 269589677
139 126 240064543
76 178 110104453
108 7 387105832
146 19 389491962
37 139 130495371
159 100 198744851
108 130 212329793
167 16 114566492
68 71 77120017
168 23 309268322
170 161 311169150
119 138 94516502
150 64 185061106
174 111 268467021
129 147 324262280
90 26 268845078
63 35 398748907
85 21 127223955
132 88 351800550
10 157 40633912
148 47 422563511
132 67 471386661
113 35 235981827
100 111 40666862
7 58 154215620
136 49 222848181
100 112 392929401
95 98 146010883
105 48 63373693
5 140 315162117
108 8 23482183
176 140 428398436
102 154 345048031
91 156 308020450
93 162 411840359
144 116 434486776
39 117 427220906
149 30 102372542
1 135 279540881
22 41 183329587
102 149 328039688
48 45 172323981
143 146 163215320
91 138 338291164
52 50 318534886
70 12 75692413
136 50 436157881
118 100 446163843
15 2 85450608
141 24 205818726
128 27 200418460
122 74 491813322
157 118 256422677
164 111 377712000
48 162 248864506
93 133 229128519
155 170 188835868
153 106 20915955
83 121 76412366
131 163 271215148
137 109 420486418
12 132 400224710
112 107 138828462
161 173 186378408
84 39 145862295
138 33 134153186
23 6 438254209
39 61 280353568
57 45 320372860
105 119 386056670
116 7 374503100
66 52 207279205
75 116 296477986
66 109 115905120
6 165 36713113
38 172 334133273
43 167 172905653
5 170 385110341
49 112 173727395
43 119 233559597
75 136 213878218
35 20 94421549
92 94 466309694
129 61 377092599
67 149 433737799
45 5 477052537
128 131 458621484
152 135 73060352
51 86 360388431
26 128 133053125
119 104 421841294
121 138 393853537
91 132 377344522
78 79 229971016
173 47 472050338
153 92 162644309
40 121 417702602
94 91 461318740
38 43 456795827
93 68 354678914
169 89 41024671
17 28 242852551
66 21 167441758
13 181 316302983
20 173 452824994
77 46 113720905
139 86 190673045
150 81 4070714
100 118 439024255
134 29 21777413
115 16 133373435
100 33 192723243
42 181 441732033
17 95 51742203
70 114 399846353
72 10 419782282
164 50 88602526
15 102 217444922
40 20 231886174
107 153 287282009
143 169 74234610
170 88 14585270
43 31 354703878
117 131 471934958
92 19 448765876
59 173 257246972
71 156 60022555
70 170 127311578
149 28 420432782
164 36 101214698
109 81 171819890
153 69 25789380
48 111 258492071
109 129 389886074
181 39 236274372
87 97 250481958
169 69 398746091
36 40 224256168
4 90 378566550
74 72 300701494
115 83 364954764
144 54 204699796
79 4 365176185
128 112 435599612
125 13 320228632
43 1 271425952
134 169 356457500
17 23 221474860
70 109 231406600
53 1 118138896
154 18 226502812
71 161 425700254
139 142 435349197
136 171 462669871
163 114 127080882
145 59 229864459
126 11 380783925
78 27 434829133
69 97 76860715
142 105 207385149
159 60 432085931
40 69 214002861
181 163 361095976
170 7 443788703
5 126 346710062
63 163 373573726
156 173 256894890
1 122 214207266
180 164 402926242
132 26 62300467
154 86 448177503
50 126 112271146
84 27 211713987
57 99 126343051
109 103 168052997
125 67 439627403
70 41 444502086
9 124 236722254
99 123 105803137
141 73 202195476
24 129 375918456
50 80 463477715
143 164 108622015
120 39 373351666
103 50 70255547
31 174 23948996
23 62 148908601
6 153 463316403
12 153 313316066
181 112 104095777
14 38 43040684
114 170 62236718
59 131 375686741
31 153 49519433
101 74 175007144
175 6 451376289
134 28 252200594
35 33 186891301
60 127 117139324
