299 237
131377474 273087269 177110327 190749692 200094032 273849262 173573363 188786093 268336469 121490694 183135458 431181669 140986918 141160876 389180940 357257674 335158013 45605195 304911045 87379964 308695410 399063591 362912080 139397125 38378535 63346163 399966555 52922863 153535352 112721273 390779104 137429178 385808542 420405784 180695223 85902574 46771398 354268586 127205020 315107867 328275633 162856830 98805888 469262551 156534058 340503180 179036577 491692072 386108376 483947622 431588388 194803786 235527565 147016821 334200911 273906100 62879336 86683818 326828963 68931041 199405091 70124420 206360219 85213633 490530204 239571794 23632560 37301602 93840381 3353932 204925821 274632366 166210762 156248061 96411269 322744821 496751241 275447846 166953245 382859617 111911820 451057985 430179755 347439385 98074806 116897018 473861837 13470495 203580837 153207152 82401536 402985928 223331572 288761755 488199562 66378128 28333550 364348474 456196082 474690283 367702406 13638255 101839001 386429520 169886316 50766622 209174341 19153910 326214468 228643938 402013527 290642640 179701924 184709635 138082025 130293082 301606653 111943862 143763577 5187490 117667366 226165113 260689771 340998939 367443221 101405685 259893419 248293123 465754159 216089502 75499758 185972917 229727757 177338759 72402437 252130426 228105381 134093131 271284336 406836201 362737069 25814215 197478841 42438993 210523850 188077218 25248428 12130504 152537432 169012005 369834346 270204798 395177119 130524117 111203737 115136692 231929802 371097157 363429815 197683961 439703011 438929573 383656878 21947120 116268332 308575668 274077546 196890065 442668799 45361882 103726266 305405868 71176098 301205107 200361214 134216300 489282325 225609642 146346804 141819757 247137999 16181151 264540907 494831470 146705268 375744645 109968162 231151423 99358154 473397977 281351736 391577517 412327550 17524967 413524637 381112234 326100635 40118536 78002299 268769434 85480418 34244917 74175302 9172868 187966376 127052868 143389169 29765053 205178862 142252325 24101162 452316862 10949828 288642070 447148332 10171449 16903067 409632847 241322872 116261221 383030824 22674608 7838738 147874727 40199575 273879727 28986961 366300210 313998263 459505613 487585996 251995034 493750530 414277651 113684254 181716907 41330519 109589775 211481960 99025734 251842101 235583123 51342596 115308281 24225193 351007280 125479730 41128260 260640127 366802602 9905833 496187304 241993563 370260923 144062031 134709490 144140650 25565344 353526053 310655266 485070957 341112049 62650300 331337840 255389700 28850906 365571099 149236572 138440682 429569411 248262306 242799135 17668886 152121254 358107416 41894079 3128534 483587147 435538691 116285014 202906101 297960876 112472318 444899664 20738151 109050701 432125507 17395154 487132397 285651560 328050420 324719707 126763609 243217072 156057547 234669662 272067978 374144998 383906234
81 18 132168540
153 98 136806146
54 286 139934680
222 284 108736046
80 67 73724716
258 250 35291769
201 123 22424167
91 183 347143874
81 263 355717773
264 9 229862771
247 222 33577180
218 207 207476828
110 93 423270556
55 15 427119327
40 227 81445326
268 185 256509477
170 218 448968782
175 9 321994859
206 221 290754360
203 19 179065488
87 265 182917980
121 17 340078267
251 258 361170119
69 145 229780681
3 185 1332408
4 285 473241316
86 155 77632912
291 31 247642404
211 69 167582458
95 272 219606383
119 191 140136765
65 12 413858497
217 263 177577725
163 164 71229128
256 299 408581458
143 3 410843079
180 220 113305761
134 211 390910022
229 123 90799736
245 50 68692677
112 168 406967968
243 232 286686436
57 281 120357615
128 145 331252061
176 101 346489100
242 76 100030411
160 255 348385471
66 222 245555768
134 151 113536160
104 96 243081008
177 40 18288504
142 282 417043924
251 171 484458239
23 298 81701569
223 8 86038243
290 249 56349726
192 109 113360981
147 8 334704922
13 273 320540305
265 77 90965940
135 254 365588210
5 228 137060233
238 179 319240505
153 35 442223105
213 257 77237160
205 81 485380481
273 105 430012499
262 251 376955328
40 96 217118990
101 61 246335924
256 28 33298809
284 164 484975613
294 102 240569123
8 88 125469660
20 1 265896581
39 205 213371689
139 12 67925395
49 106 30459524
229 145 346529842
251 245 129672511
183 35 122968537
33 19 49739130
278 145 474511860
236 284 234261320
227 5 263205431
9 175 147382437
38 147 443142063
5 195 468877995
55 124 59295155
200 208 34933850
72 223 486760019
271 255 485394577
35 67 167897757
164 3 353510064
249 62 484454604
166 71 343001241
121 240 62014103
219 77 424022042
123 131 305980386
5 164 277524478
131 235 232473890
124 39 409160136
135 73 440042476
123 237 270722738
95 19 174154230
204 17 268749886
21 270 120397747
283 22 149539559
141 277 239151200
87 281 383246159
241 112 416529651
150 68 461970215
15 202 421823331
245 157 270600861
11 84 95080477
270 120 305951259
167 140 255628347
137 123 34737452
184 96 317189274
62 16 14795320
235 256 457456736
176 106 41998949
24 253 196267480
209 31 145709142
31 42 38801296
4 144 65031249
125 143 419916596
216 280 165471438
29 164 78234171
251 58 464185180
154 125 453365296
2 1 278248409
215 157 347994656
164 66 455162865
268 228 370475773
289 64 268087611
131 188 269264617
112 104 346920891
180 265 150595992
45 49 419441120
57 202 241735138
25 36 386524050
231 251 463261718
90 247 98804178
112 215 211235939
175 38 248153832
214 168 15509114
264 112 121446486
258 291 100703399
117 169 270469128
32 225 498055345
204 250 240918788
77 14 393574757
238 235 152290733
165 48 15292210
20 55 21380485
71 269 88103159
178 66 487893180
54 24 238738339
194 272 66356454
215 5 139965409
138 41 60414149
229 249 105951083
104 187 329603572
93 184 334018128
262 203 489670524
36 274 269681076
110 284 443314401
294 38 357491391
171 64 162808037
49 278 131221813
284 116 356984209
169 178 374102923
200 281 350872377
298 207 33580397
144 169 485979275
176 37 103706490
178 146 459820213
209 273 323250578
264 276 294700984
125 26 497156911
288 142 281190056
26 143 387719208
143 175 415351828
148 173 163862296
168 149 1059175
92 26 300839302
122 36 3822190
268 244 97901018
152 42 174330477
99 166 151983374
156 154 23341470
30 12 496302563
212 287 381850439
77 267 362105024
280 135 418568092
220 60 245942873
30 181 261394091
117 150 113268852
45 2 306542194
81 233 356538507
143 89 246995956
178 250 334898752
189 295 494349817
76 204 428737881
135 185 24159693
175 237 414078177
74 99 407232527
174 215 110926603
52 92 53443687
270 173 29484764
187 148 36206745
258 158 354799685
173 48 430531850
207 123 473722364
76 90 749874
44 97 217706259
239 170 72914471
148 45 422713050
39 228 70035720
63 32 484180253
153 218 22162728
32 9 207324615
292 181 388484830
249 220 94977460
110 295 246456585
287 172 408973946
234 111 180988767
148 91 176411493
110 129 155994624
163 24 278796705
221 176 253872595
294 40 475701900
58 33 131699722
169 281 216215880
234 223 10504605
90 43 38725592
