250 217
279880420 147031582 102863684 131763080 291689159 128339500 11598930 99085427 421795976 96597177 379496839 493064353 150759547 480291701 369780194 6817270 380718839 93188553 53130988 77301266 92446481 351074874 221739699 71302037 494936747 83283874 338614426 430042961 126910666 66058547 380197856 406791086 213090129 335577893 391070519 357295640 463917393 255185801 308897419 238229721 204299330 40910611 231294074 355058877 21202312 453590621 214392500 254437503 46779174 267523488 331738769 491742008 471114714 53478469 63044045 318567814 489278695 254174823 101127127 116189361 320233370 481324984 375496800 385839852 169419229 119083671 95651844 133336622 374269472 404549264 224082696 78568802 445459875 455376770 286144031 319178539 261483743 536531 73616042 308262918 120576372 257871164 152521278 91691086 311349633 215565323 410258900 153144680 322256498 11386028 121850394 495006220 345227364 497347194 380846072 14646593 116430865 329014269 499567 343216689 233563533 77098615 274301843 31539760 384991738 60445874 203234651 146475481 413498758 276850693 454738399 34075130 34721857 107259677 125766216 198587842 175341352 388541469 351732523 350114202 252443849 473582917 345120423 450187565 323446463 78482847 317350510 292393680 407497116 170366429 488126721 493577001 247465045 114944916 25116761 132456783 27907142 80867764 131448616 441405900 357718458 86187016 475481030 244956667 45963045 453763599 296060862 73820750 194821420 309737 423934952 299781621 473892654 121571727 249969186 149855469 200054575 67319696 442249149 107551691 90202477 430375870 453645045 337667522 45320786 331278158 322640657 73227928 412145923 454089274 14633829 122380733 392792642 342631211 367337400 291272039 296394810 15914614 217609141 343732582 16224351 494060446 143514203 490117005 115632173 393483389 139972474 168203100 313319437 434737975 128271144 256038267 217630197 81916189 93705789 262950983 413194347 268862799 188695264 325340270 75468425 55845445 447721003 468261067 398476656 167574756 112049458 47387819 183489370 329658600 391120401 52230074 176235398 387150957 42347079 291867571 133150698 34835906 460070672 446470136 322090233 88341816 55024755 39720431 22774357 1246896 155187766 435968704 270109695 343883030 113825327 345578120 252244827 61546330 166355539 3237836 81637438 130921350 50625655 117643161 313096302 294262408 169873235 489331700 33929717 64736666 281199271 167080416 99572572 93786295
53 159 34644463
160 90 57418820
56 208 493387525
2 91 107212852
224 168 21275534
116 4 102912973
216 11 220556134
18 22 390429369
218 239 455166035
91 155 407254960
239 59 33950470
202 218 200366411
23 24 21970118
150 127 39973208
104 100 310221126
138 215 436223231
213 32 112850992
199 49 288773865
170 118 146110103
58 61 23043110
18 49 13526668
90 102 25101886
1 226 411532011
119 125 90410387
78 228 112347838
56 218 291183553
37 180 315387936
131 231 293024587
246 150 65941556
100 207 415338116
210 76 140033266
230 165 422155118
218 165 24155195
229 34 234388320
218 213 217616399
57 120 142598616
212 156 317280648
148 37 462218628
235 134 320358277
42 85 51898336
10 146 211577411
27 126 185862326
247 195 175119490
192 174 53835375
114 243 361983189
14 49 409784058
232 10 133461214
130 10 350898352
110 244 350869337
240 137 426967922
76 147 454753567
237 25 300269294
63 21 488616989
156 64 283845014
133 178 276363756
73 43 431037407
233 24 39049518
49 6 415788027
3 115 354277521
91 206 125492259
13 31 439737655
182 120 142079679
227 34 7189801
68 189 206706865
82 174 180051894
190 98 292324936
97 80 38640959
116 129 88796964
143 131 257527931
16 221 365192136
26 85 316204269
181 17 469625388
213 95 216350523
14 162 26466462
231 95 363873987
125 34 385523584
61 131 353715663
21 246 254427791
87 240 143591024
120 6 19558346
109 133 309297681
128 165 172595299
118 127 57204143
141 243 156773906
205 223 402633250
192 98 423662283
128 10 3414765
42 132 475907510
185 219 314477602
209 190 20886209
56 48 220625591
237 27 205949755
138 144 471454734
31 137 171813976
187 193 218767050
187 237 439849499
72 114 127386259
88 155 172534640
200 90 16607960
52 150 417134150
11 205 444338049
204 43 61907576
62 180 91984469
46 62 455951957
124 100 327760150
174 36 423799386
174 210 129593249
35 47 151373756
27 246 243568697
238 48 49769096
240 160 442049653
141 216 229708047
217 27 85339579
39 72 66148390
246 47 181424740
248 220 333801877
134 245 446942086
236 131 24260132
94 158 246696230
41 247 76211629
137 236 33692538
142 126 44797253
190 195 167991881
19 233 169698452
11 80 279279998
103 78 215503570
231 63 418218666
169 150 14811547
154 243 30333204
134 33 333907950
115 170 195186287
153 61 58506264
9 102 485775458
242 222 274011042
195 233 26648622
45 85 423964699
217 167 94791363
134 86 316205513
181 91 92097255
237 76 166035288
187 190 440305059
76 194 356956221
90 54 145696823
151 46 244382794
193 240 71678878
65 136 456493463
116 103 290177481
230 88 167156668
243 18 464207508
248 4 280542583
138 42 44889874
197 117 438425568
21 58 210979621
196 60 30543916
240 3 419333257
221 169 9143995
36 137 162963347
17 116 4042684
186 210 47193553
46 59 322749158
232 197 17133801
106 245 325533769
174 117 306455326
46 62 3222988
64 154 132298740
72 124 277880260
67 159 11415896
16 175 280213363
52 212 47961822
207 110 259274881
115 91 432704179
18 196 8554775
37 222 343782892
215 119 436601703
203 182 236426708
193 105 109904081
56 23 71076341
202 38 57604618
66 191 236645579
240 147 129955790
223 113 313045130
152 130 35836178
30 166 384238149
172 131 274263369
227 83 31423050
186 128 132599507
119 183 381904029
211 236 294816317
79 51 80411757
10 143 138400256
51 115 439014618
181 17 351904998
211 148 55121515
212 171 2603145
81 147 50089228
234 184 34911207
241 53 29916639
20 115 251554124
189 193 480037027
49 54 263327169
55 104 65732135
173 137 114923401
23 97 329521150
39 59 348275570
36 241 460304717
14 224 107068002
73 214 45953156
212 234 348036520
189 24 423439064
68 72 8806368
89 126 86610573
224 151 117380459
228 25 489468556
128 63 292145716
199 99 299675308
18 214 190964032
122 37 303644097
