10 57 1007
27 937 627 18 308 779 677 218 475 179 25 209 379 -1 418 810 598 589 312 633 627 436 194 304 620 921 190 217 -1 551 987 194 931 449 712 608 768 82 608 455 707 836 582 978 570 939 614 285 132 175 361 848 769 513 -1 177 361 
74 219 518 745 42 706 825 875 516 252 282 134 733 820 -1 384 622 238 401 513 572 845 147 205 604 795 657 113 624 109 307 759 825 928 251 623 176 -1 150 608 17 808 993 821 878 725 996 951 41 841 339 742 657 -1 889 745 413 
19 570 228 152 475 114 532 323 494 893 988 969 627 190 760 95 646 475 -1 855 855 513 323 247 532 38 0 494 722 893 931 266 -1 741 342 760 57 513 19 190 912 627 456 684 266 760 76 76 247 342 380 741 988 -1 -1 646 57 
13 163 7 130 861 343 731 920 912 576 274 943 535 659 968 770 505 133 944 866 273 643 690 381 351 236 950 880 730 962 630 792 56 751 11 342 944 923 368 54 253 438 693 730 646 -1 312 924 117 659 854 580 676 0 830 182 292 
44 528 343 676 232 882 40 501 930 23 442 821 320 383 192 419 573 820 431 684 426 381 698 401 417 530 256 687 290 835 868 246 623 289 294 394 707 821 638 171 245 1002 785 -1 537 48 373 593 963 613 258 689 362 740 449 994 550 
75 879 693 279 161 425 590 156 402 381 273 615 848 234 455 428 915 956 1 855 156 455 116 803 933 371 870 402 216 756 903 637 484 527 137 169 273 774 53 817 402 4 809 797 372 378 1004 349 10 909 986 530 287 932 269 -1 903 
26 560 575 656 919 380 -1 9 100 10 976 152 330 465 271 884 292 266 957 370 385 200 311 551 349 -1 100 922 634 646 102 864 974 922 995 133 843 522 62 466 45 684 140 351 290 485 444 285 843 541 936 770 -1 0 805 142 955 
96 676 89 874 420 630 7 874 840 63 774 418 160 50 427 969 814 -1 37 532 507 922 17 114 292 191 53 931 622 952 505 171 389 403 611 342 341 540 177 209 910 415 962 950 262 260 100 228 467 691 29 608 858 318 970 95 6 
68 758 437 487 250 304 -1 974 988 65 857 171 216 890 247 816 888 114 543 549 779 810 193 -1 704 898 551 255 838 323 710 776 627 930 280 361 752 150 798 12 554 399 229 423 285 749 439 399 577 985 152 398 356 0 315 283 114 
19 988 779 475 475 399 475 380 494 608 19 133 627 665 247 -1 646 152 513 532 855 285 684 646 532 133 0 285 722 608 76 76 950 76 665 361 57 285 988 342 912 684 551 627 266 646 931 741 247 190 627 931 988 0 247 -1 57 
52
8 68865
4 96629
6 92045
8 83003
3 59133
6 8516
7 6657
10 61235
9 2052
3 56908
6 18589
6 52125
1 61861
10 32008
2 25547
7 39059
1 15690
9 78238
4 29919
10 82199
3 49938
6 55309
4 42795
3 73774
9 67836
1 32274
6 32578
10 62006
10 13542
6 35172
8 89682
2 33498
2 58973
7 29457
1 89326
7 94293
5 35072
2 12209
9 82496
4 55417
3 49367
2 69458
4 21143
6 9086
4 58181
7 90123
2 51190
2 69585
2 68058
2 99052
6 43400
5 29350
