7 82 1007
92 659 101 525 268 377 950 301 196 694 18 386 976 24 3 317 214 660 139 208 154 654 869 660 851 37 82 809 88 791 388 454 737 261 630 344 738 815 406 740 431 492 132 589 711 483 794 404 902 196 -1 222 265 995 230 819 311 956 49 363 817 792 522 594 848 302 463 238 551 106 330 111 378 761 461 975 401 639 47 1 326 112 
17 421 557 165 988 477 588 443 832 637 510 628 509 -1 148 585 185 -1 87 0 77 114 235 374 529 996 407 109 442 85 420 667 339 519 629 623 600 669 930 446 388 516 309 966 364 471 245 380 812 125 247 345 99 609 443 -1 479 556 697 776 753 94 966 563 632 574 743 403 354 -1 203 330 901 -1 763 724 258 736 8 786 286 490 
37 206 601 521 877 417 615 -1 492 203 594 -1 338 590 181 964 448 383 598 656 318 510 806 48 600 984 875 105 842 886 689 845 263 847 359 1000 678 45 789 498 7 326 214 711 556 667 854 312 -1 303 383 876 177 699 301 465 919 211 916 578 960 261 15 462 153 951 103 -1 423 95 428 360 -1 446 641 832 347 687 129 790 760 506 
90 494 275 340 859 662 224 948 623 347 325 99 682 944 350 203 84 730 784 453 405 10 482 -1 455 1006 850 246 873 337 -1 781 451 11 1004 662 974 6 349 493 160 899 104 162 491 387 955 1004 805 1003 434 587 458 318 667 356 639 831 928 451 275 48 321 166 332 621 258 76 319 967 282 101 210 254 881 72 467 13 641 230 249 103 
92 209 498 992 670 478 597 266 613 434 222 536 486 806 386 419 638 94 726 49 599 180 370 932 271 591 806 191 -1 89 973 969 631 921 851 270 20 -1 347 708 413 733 675 73 825 369 738 691 -1 865 8 591 33 75 880 736 334 54 87 132 -1 357 359 232 601 701 878 169 102 384 333 -1 170 294 436 767 40 774 734 660 770 905 
73 601 -1 92 806 591 642 940 -1 615 719 764 722 180 905 449 625 898 12 269 325 452 720 613 21 408 285 551 299 -1 204 125 328 598 681 937 -1 457 317 916 130 859 139 127 709 718 89 608 958 240 111 219 557 490 92 806 280 962 989 470 280 30 49 339 653 702 994 489 721 937 767 620 903 109 570 999 295 709 42 744 385 20 
59 999 251 708 475 645 849 -1 226 754 181 411 992 654 984 281 239 848 -1 215 984 243 842 998 1002 368 533 870 693 97 681 539 144 70 414 201 118 523 307 540 854 36 177 301 745 72 777 11 408 406 332 223 -1 866 942 571 622 828 40 227 922 33 632 843 924 359 790 468 867 756 478 42 804 266 146 937 516 372 842 1005 799 15 
88
7 13182
4 50299
5 69286
1 81863
1 36408
1 33827
3 9366
7 74150
3 22291
5 29470
3 76880
7 52170
4 50557
5 30149
7 96282
6 5216
3 61018
2 51217
7 73624
4 16495
6 56156
3 56515
2 89075
7 37668
4 63322
4 10263
6 57887
6 52698
2 80484
4 34963
4 47493
3 2580
2 12043
2 87869
1 19578
4 28401
6 71037
4 90309
3 48282
6 71476
3 11465
3 68157
4 93226
7 94145
7 36403
6 83179
3 85637
6 25110
1 72258
7 99697
5 33693
4 272
4 45715
6 81192
5 18556
1 5599
5 83461
5 32074
7 10960
1 66748
3 71676
1 47610
5 52035
2 87695
4 18400
5 48831
7 48191
1 73173
5 39681
5 87900
1 23383
7 37311
6 99957
1 99881
2 11953
1 90983
3 16553
4 73644
5 27662
3 25583
3 81432
7 14505
5 39866
1 56230
4 58393
7 70486
6 70332
3 4970
