5 76 1007
76 893 209 133 912 209 646 646 361 285 760 513 114 589 684 779 684 874 38 380 456 513 969 817 -1 513 874 456 760 95 741 950 456 798 -1 342 513 912 399 361 665 190 551 779 114 722 988 893 665 456 152 0 76 893 209 133 912 209 646 646 361 285 760 513 114 589 684 779 684 874 38 380 456 513 969 817 
67 601 919 36 521 423 545 276 40 983 770 352 624 236 681 923 810 300 722 234 809 806 698 875 79 878 519 -1 909 804 994 762 77 401 987 980 693 266 148 721 533 852 772 473 675 547 345 857 205 376 62 848 385 919 18 89 627 370 121 753 40 771 717 405 465 872 575 446 598 459 828 22 597 64 327 133 
77 971 47 788 158 19 239 972 992 4 959 380 292 679 557 329 764 19 685 515 218 -1 671 817 277 934 954 156 -1 703 140 603 44 785 859 247 609 59 85 997 253 361 999 991 574 80 883 304 596 413 196 25 612 0 590 705 674 9 766 551 942 98 42 593 940 950 995 717 253 690 479 551 96 572 598 959 
61 456 23 361 897 -1 593 -1 517 950 42 247 821 -1 821 19 384 114 80 798 764 95 555 304 232 171 289 760 764 342 536 133 175 551 669 817 536 570 916 171 878 95 821 361 745 342 156 627 593 19 859 0 61 456 23 361 897 950 593 437 517 950 42 247 821 380 821 19 384 114 80 798 764 95 555 304 
28 366 593 142 713 714 976 110 519 543 724 597 369 975 463 289 895 726 504 570 630 331 584 516 54 371 661 5 838 865 824 28 826 420 965 888 919 622 320 456 438 -1 695 970 -1 225 271 464 900 491 794 212 611 843 -1 619 395 714 75 57 678 649 618 279 899 816 198 978 471 37 822 305 153 490 160 675 
55
5 58887
4 85168
1 29913
3 13445
2 67993
4 4442
5 64426
3 98205
5 74426
5 39481
4 22536
5 92740
1 65451
2 45992
3 97240
5 34592
1 84306
4 96539
5 95278
5 91056
1 51220
4 84542
5 9017
3 14861
4 36792
1 37432
5 60702
1 74785
2 37927
1 79485
4 4352
3 23996
4 66539
1 35578
1 79572
5 25086
2 71186
5 62788
2 25077
4 96347
1 48341
5 53900
3 80301
4 51546
4 65811
2 2449
4 77810
2 7875
3 96034
4 22515
1 2789
3 22749
4 89932
1 70527
3 79536
