10 74 1007
24 456 250 59 363 531 416 110 583 313 694 588 644 872 276 730 331 -1 612 582 212 998 985 612 375 484 411 474 401 382 971 29 850 342 980 566 160 458 408 675 264 961 133 981 969 226 840 252 -1 683 854 978 455 45 363 207 280 218 64 497 530 964 768 386 464 899 992 21 2 512 6 75 859 489 
88 245 163 452 139 37 338 986 823 126 189 402 432 789 395 652 255 243 936 395 753 887 588 951 690 131 513 789 722 630 1 450 690 733 12 328 542 757 454 363 25 802 890 655 495 432 472 723 118 91 939 -1 845 211 864 959 80 939 32 504 489 597 500 964 769 128 163 424 900 33 721 369 525 887 
97 679 845 870 701 55 437 752 867 604 151 -1 721 990 40 447 22 481 748 43 150 391 339 244 438 941 207 589 435 145 234 105 140 58 201 629 873 81 300 513 599 -1 83 505 807 186 266 459 773 31 1 684 17 33 466 808 321 48 470 191 947 527 655 645 407 599 587 528 472 954 81 800 539 690 
32 657 984 291 808 246 531 591 -1 436 404 875 241 -1 741 849 322 912 820 946 392 123 941 74 711 763 228 155 721 545 701 298 107 952 231 669 507 122 43 399 930 59 368 586 194 518 -1 150 834 396 985 950 300 886 343 22 -1 253 475 583 483 63 91 814 169 237 41 187 395 449 100 329 876 748 
93 359 499 500 31 260 56 481 988 258 143 856 220 630 829 -1 987 -1 -1 752 719 916 46 760 779 474 159 176 188 197 821 330 713 817 309 428 248 781 866 478 824 310 29 508 30 67 421 948 892 958 287 561 412 633 256 937 24 92 365 690 -1 461 12 202 118 193 45 756 134 259 203 941 18 570 
18 72 468 687 348 814 853 143 162 457 698 546 659 643 809 40 668 749 273 109 544 371 162 864 106 157 338 376 194 478 146 847 217 1006 868 170 312 796 793 963 617 542 497 697 700 545 446 683 494 211 128 686 808 900 153 262 437 944 947 -1 881 184 587 998 946 138 548 588 1006 958 659 643 343 713 
21 -1 300 117 857 893 948 115 426 290 641 333 283 312 194 940 -1 29 388 177 480 200 -1 493 639 825 753 706 959 973 543 886 989 614 847 436 199 9 294 887 263 243 488 157 288 324 704 232 722 884 545 194 182 416 173 770 325 428 -1 780 648 80 577 273 171 803 274 433 931 897 815 -1 53 259 
64 448 678 392 837 659 699 481 35 539 5 153 768 888 653 442 249 292 262 644 478 974 567 879 477 581 566 800 913 846 527 864 774 436 431 635 800 362 807 248 823 -1 97 154 101 893 942 347 617 275 312 199 800 948 -1 408 268 399 356 953 599 588 490 315 178 10 622 10 1005 443 498 312 676 662 
33 395 341 481 566 252 740 931 726 730 326 924 186 116 761 757 -1 261 309 -1 -1 905 241 49 -1 301 644 334 682 171 711 295 82 989 858 247 583 696 845 184 950 466 701 930 623 483 617 563 540 900 99 424 614 294 888 959 98 882 754 388 853 139 80 407 674 825 587 242 127 250 139 294 125 481 
31 853 72 965 452 507 940 666 204 684 756 841 471 187 1000 359 1005 210 528 620 145 251 152 909 598 669 581 438 992 972 -1 68 607 871 401 337 26 170 605 344 427 694 592 24 933 466 440 682 310 790 736 85 102 405 342 225 827 618 322 594 939 853 200 682 27 817 765 484 16 830 122 383 62 482 
51
1 59568
10 21627
2 72108
8 52296
3 28462
6 56815
1 61834
7 25961
6 11156
3 76463
4 25223
3 6982
9 72046
6 6163
4 26188
2 91994
7 41852
2 56519
1 87059
4 14473
10 35462
8 65212
7 56674
4 23933
1 3056
5 71994
10 27877
8 9468
5 39075
2 50828
2 21444
3 83721
7 89144
9 9957
2 65404
2 8073
7 12069
6 30864
4 97159
8 69275
6 87894
10 61195
2 52947
4 48396
4 18995
5 89987
10 74747
7 36436
2 30297
5 72795
1 3526
