7 71 1007
47 524 490 755 219 462 908 573 370 18 418 517 430 22 923 543 721 975 355 836 613 465 71 624 795 416 607 713 514 10 754 202 86 580 586 424 989 552 556 79 343 796 375 746 887 662 1002 669 424 548 483 770 851 235 676 202 380 892 49 1 -1 515 491 302 501 57 663 765 374 323 780 
89 427 951 910 894 56 512 761 407 42 318 218 196 515 765 695 284 571 791 229 412 848 604 199 927 738 364 348 919 12 687 284 477 16 245 198 341 462 182 637 361 820 487 905 903 183 314 -1 894 616 960 993 474 927 282 632 394 787 26 196 -1 508 312 971 219 696 593 747 129 712 999 
6 438 206 332 656 142 927 854 953 171 875 233 560 625 180 365 416 93 295 823 578 344 967 551 534 871 406 581 584 906 503 -1 395 972 747 254 736 544 322 548 570 885 894 471 940 280 103 776 179 646 269 68 928 75 589 190 997 672 688 618 939 115 148 -1 343 845 347 323 987 344 555 
72 294 555 957 774 822 61 618 893 840 257 34 703 549 232 614 874 554 691 214 541 733 262 520 949 318 950 948 895 911 1 394 782 21 -1 463 682 438 706 793 553 -1 829 550 585 377 769 349 937 711 130 185 136 317 159 921 347 290 297 548 499 134 511 491 514 122 996 456 752 15 -1 
24 433 302 889 213 221 266 860 781 365 540 326 100 447 465 333 550 384 624 857 952 245 644 269 698 44 62 406 690 909 293 438 327 669 174 446 978 387 936 22 421 271 521 482 209 272 564 634 224 340 821 504 54 638 554 488 636 211 260 -1 609 862 163 479 100 851 397 343 769 592 280 
35 735 995 428 938 991 236 155 735 870 287 45 315 93 96 183 595 320 761 400 723 586 -1 343 815 257 748 32 6 73 749 506 527 415 1000 716 805 339 817 763 11 291 794 73 544 667 477 74 477 970 138 342 -1 455 741 200 543 717 -1 52 172 576 921 501 566 982 159 611 533 20 902 
26 884 165 930 813 893 532 610 4 831 729 546 565 303 122 920 162 148 887 636 167 493 558 817 228 25 72 469 841 118 370 870 -1 929 776 575 235 538 648 306 73 817 318 942 192 463 840 242 170 534 959 212 -1 794 -1 759 934 216 799 771 248 503 880 26 886 996 332 325 355 278 648 
90
5 4864327
2 5205902
3 7331547
6 4193063
1 1248859
6 9817145
5 2506073
6 6914869
2 8044721
6 3857245
5 4980776
5 9928024
4 1145078
5 9186453
2 3700866
4 4154011
4 5761811
3 7688430
7 5413266
6 5644137
1 3778764
1 2811931
2 8376114
7 9427145
6 5064612
6 8183455
5 9529787
1 6307491
5 6639891
4 450385
7 1066825
2 3938653
3 8997010
6 2438344
3 6024925
3 6105104
3 6060113
3 6088523
6 1160184
3 5889763
4 1316409
5 1302885
1 4701047
6 6553762
6 8137021
1 4198045
7 6641244
3 8548832
5 9763778
1 5081232
2 4102358
5 5592389
4 103368
6 2147751
6 2229283
4 5037401
6 4627082
5 1940941
2 8983363
1 3185417
3 531551
1 1356932
5 5520158
2 7843750
4 5925641
5 3588989
3 4111316
5 7739524
2 5894992
4 510938
1 441140
5 9219020
3 6921327
7 6912701
3 2171013
1 8057777
3 9997929
4 2391708
2 1836823
7 3318373
5 3160439
7 2823165
5 1121441
2 4002789
3 2966315
7 173410
2 5094769
7 992026
1 552389
4 437136
