6 84 1007
23 966 619 262 514 251 924 430 867 279 -1 992 42 898 52 177 688 639 250 147 251 648 517 226 975 145 516 57 153 959 372 818 208 931 225 438 742 565 866 286 989 760 259 602 974 569 220 596 156 661 88 352 549 435 56 418 240 185 725 755 933 104 316 732 907 424 486 723 606 706 -1 869 529 425 588 751 200 108 517 735 534 536 93 913 
69 194 886 919 937 806 614 980 909 456 449 141 818 447 595 273 688 277 786 789 666 30 78 733 712 809 196 136 869 285 455 185 101 310 457 337 810 426 819 728 305 786 147 490 -1 338 264 275 24 225 421 628 578 216 61 335 835 746 194 953 60 876 -1 730 259 684 335 13 30 245 960 684 115 957 227 957 489 344 380 373 773 430 806 32 
11 682 485 378 508 692 630 734 458 517 663 769 79 91 920 669 195 55 420 -1 952 119 926 93 231 855 757 456 153 910 167 979 565 964 239 -1 92 234 77 61 329 237 157 225 875 755 912 175 445 992 529 366 -1 573 614 87 648 958 94 679 410 661 525 737 633 465 -1 594 166 965 937 406 567 90 787 250 551 239 -1 396 990 993 594 13 
35 315 -1 668 -1 269 255 880 895 462 149 28 236 83 386 571 638 14 993 890 486 142 9 597 97 752 135 691 769 749 15 988 908 884 351 922 191 276 96 409 627 773 988 114 83 960 884 250 53 635 680 127 802 96 314 393 748 747 842 566 180 679 536 576 300 49 191 498 734 184 945 276 600 804 539 261 287 758 622 745 548 222 130 -1 
11 473 749 455 189 260 600 114 550 224 981 273 322 301 344 947 312 74 783 327 572 570 86 528 243 234 866 724 538 9 936 661 442 617 323 97 533 837 554 741 520 528 351 769 -1 821 413 527 258 149 359 670 971 470 513 946 920 384 488 469 324 57 396 817 401 492 647 28 56 350 661 586 781 967 642 45 65 257 143 338 512 263 224 677 
50 293 34 415 389 690 200 690 308 544 86 -1 762 269 311 859 749 247 925 478 470 65 556 894 745 236 799 628 421 113 575 430 931 541 1005 585 446 262 578 978 711 237 858 300 829 927 6 447 655 158 519 525 317 224 600 368 868 715 923 -1 121 788 148 128 418 203 535 16 -1 656 178 364 444 147 194 32 81 605 372 361 515 163 661 85 
68
1 7114078
1 2057298
2 9948366
4 573700
5 7158138
4 7777900
6 7138782
1 4284781
6 5285665
2 524337
1 810871
4 4882913
2 7419381
3 4782245
4 4933494
5 5699329
1 2305494
4 8391639
1 9866155
4 9589577
3 3318162
6 5802264
1 6237628
2 1068381
3 8271939
3 2071691
3 8797504
1 5757379
3 4610743
1 9044054
2 3275652
2 4108159
3 7532711
1 5384059
2 3981486
3 6939510
1 7373815
1 2789294
6 5345168
6 2683790
6 483094
1 5216266
6 9259139
2 8013834
6 4029619
3 3414117
6 6833973
1 435470
5 2538423
6 4281900
1 3309514
5 8852259
2 6479533
6 1843826
6 8015577
3 7958157
1 4315799
5 2811972
2 6664418
3 9961171
4 2916395
5 5548361
1 3413914
6 4117050
6 1803357
3 7504948
5 2136710
3 3345254
