5 62 1007
88 744 -1 747 508 634 609 359 44 741 704 87 33 847 695 117 -1 722 780 69 240 270 35 217 287 103 163 190 545 234 150 819 959 409 894 45 420 427 2 989 501 892 530 859 493 576 263 492 808 712 327 970 984 502 415 487 206 512 775 993 422 886 
30 296 617 603 653 233 521 383 822 389 181 976 419 6 326 234 461 -1 511 277 736 162 147 977 696 434 470 551 664 480 784 262 892 128 22 342 289 238 274 238 727 585 594 727 280 593 143 19 802 254 157 410 232 -1 239 550 669 811 266 54 312 953 
8 368 481 746 166 886 817 401 706 408 384 938 450 898 589 130 839 -1 698 849 495 796 404 216 294 116 78 -1 320 59 269 254 205 629 25 852 745 527 837 677 -1 730 707 416 -1 695 293 268 538 640 167 400 83 -1 30 973 290 886 340 577 922 609 
38 646 57 627 988 551 513 418 912 855 475 19 646 152 646 608 874 589 494 456 741 646 228 95 988 0 760 171 285 893 551 323 57 152 399 741 247 133 456 380 114 855 608 988 323 570 171 627 817 228 988 266 342 380 475 323 -1 646 190 988 798 969 
57 646 684 285 513 19 627 950 247 912 399 589 -1 513 361 722 798 19 380 456 437 684 931 874 646 38 57 836 76 285 209 703 551 817 589 456 893 114 114 342 38 323 893 836 209 741 931 57 38 -1 950 494 133 969 760 798 95 665 133 931 513 0 
61
4 31549
2 2588
4 30368
5 17836
3 11120
1 25498
3 72676
1 63734
5 48087
4 47267
5 19028
2 70905
4 91787
4 62128
1 91511
1 54749
4 46454
3 48450
1 48198
5 99255
2 12287
3 97696
2 47455
5 29473
2 70050
4 37181
3 87215
2 12623
2 85078
5 70517
3 21865
2 15999
4 15304
5 61491
3 47084
1 55522
5 1850
2 60683
4 30998
5 61197
3 83245
4 6477
2 55518
4 82165
5 10200
3 33534
1 10649
2 33086
4 30331
2 22157
1 71674
5 69487
3 47246
1 39178
1 53027
5 11995
2 15103
1 23083
5 53921
2 27566
2 74279
