6 79 1007
94 337 872 861 492 253 869 941 469 672 564 305 67 364 189 183 692 700 179 767 373 838 946 -1 881 908 1000 -1 541 507 246 -1 949 205 15 60 477 483 374 917 679 236 638 547 632 124 53 433 106 851 430 736 354 194 747 505 535 224 551 963 484 275 784 648 297 713 78 287 900 855 249 822 38 110 -1 803 694 20 224 
86 516 938 1 672 412 409 948 63 111 661 839 -1 801 15 174 476 830 405 764 368 321 236 324 654 388 236 996 584 38 136 247 590 831 903 145 827 45 188 512 922 177 215 260 146 33 836 826 813 986 464 344 205 123 440 20 45 462 373 247 873 648 327 585 835 700 518 85 634 453 354 88 324 317 481 369 157 547 91 
31 295 106 267 999 921 213 83 510 322 126 744 129 248 969 690 311 394 203 430 19 578 250 347 174 988 -1 650 366 392 449 161 588 879 946 761 188 903 66 501 921 939 37 582 826 462 21 469 494 434 608 966 675 880 709 759 549 416 481 595 289 93 233 824 700 290 633 109 650 151 564 921 999 430 212 582 3 870 872 
54 486 95 705 223 971 728 497 755 733 664 899 750 221 328 -1 486 209 356 636 65 937 232 221 307 697 835 692 952 876 289 912 45 542 957 1000 348 737 1005 369 883 53 22 186 942 974 883 486 615 502 51 440 126 105 881 15 -1 114 921 540 705 758 -1 373 949 40 620 742 746 141 341 669 634 822 678 940 999 639 75 
59 98 812 504 778 957 666 924 580 0 51 508 637 85 810 667 395 -1 -1 594 854 952 693 772 453 519 922 523 909 983 529 416 764 162 985 700 617 96 702 799 164 967 359 406 197 586 258 792 354 36 967 -1 286 733 972 846 695 447 337 523 436 558 409 119 304 874 904 26 760 607 924 60 815 634 123 693 71 818 446 
16 608 152 292 265 530 489 87 121 146 86 910 937 10 510 466 570 342 819 707 113 699 57 26 767 512 48 347 73 390 104 933 208 448 107 935 459 942 60 666 616 590 691 732 342 618 358 451 486 926 406 925 934 622 181 646 749 219 270 47 616 445 182 901 916 384 395 143 256 222 216 658 582 981 40 191 581 539 -1 
56
2 9813435
6 2755318
6 154794
2 918751
1 7388703
4 6362304
2 6040868
6 2665320
6 8184925
3 7459789
3 3027311
1 9142198
4 5529995
5 6035092
2 401119
3 393971
6 8635827
2 8326511
4 1702727
4 1911382
3 165311
1 8010216
4 1613437
4 1340175
5 6484518
1 9262054
6 7167044
5 1042714
2 6711095
1 7749095
4 7626433
3 2359471
1 8841409
5 7569231
3 4963946
6 4668268
6 2787001
1 3851785
3 5870370
3 6715149
6 9024626
6 6899419
3 1930509
4 3921410
3 7536288
2 8270168
3 4846272
6 1424979
6 6348323
5 9264519
4 991173
6 8957876
1 9127620
2 694961
4 5550675
5 2385581
