6 94 1007
80 993 610 984 -1 180 852 299 580 969 975 758 440 963 152 251 43 59 984 133 28 282 337 732 190 443 264 839 982 380 137 936 876 908 -1 351 491 375 -1 494 196 758 155 887 874 270 119 173 718 893 731 795 451 675 133 348 226 763 640 988 156 -1 21 281 228 -1 947 622 732 589 348 663 611 70 19 308 879 496 794 627 28 168 508 618 399 272 511 934 279 57 745 176 249 281 
34 816 260 649 669 415 841 941 474 729 676 489 771 30 91 890 383 342 281 854 51 573 878 586 898 371 246 710 790 755 828 733 205 358 421 570 623 436 241 136 992 890 860 713 493 748 581 679 30 904 262 795 193 551 737 702 298 839 99 358 898 941 835 330 771 242 144 201 224 130 440 589 528 626 507 3 156 795 670 922 -1 596 828 945 258 676 -1 358 782 171 718 189 621 307 
70 129 953 770 501 390 892 448 79 94 538 633 372 312 224 279 251 933 937 627 843 258 766 590 299 324 530 155 880 948 221 886 326 529 144 368 882 631 -1 589 812 231 31 287 351 534 794 500 753 91 784 575 937 583 877 33 282 160 -1 684 47 652 936 840 341 422 619 791 803 239 238 675 183 577 880 66 811 358 694 57 265 810 675 844 112 255 288 176 732 687 58 191 518 375 
66 609 956 10 473 243 534 60 19 484 210 177 219 169 148 971 60 817 66 875 481 903 910 471 781 839 627 408 818 291 200 777 585 591 98 418 826 134 956 675 796 965 116 630 133 921 723 994 732 454 604 477 649 874 161 381 367 561 587 908 496 60 475 389 590 63 466 17 908 287 649 133 693 267 804 789 834 -1 97 991 76 503 571 671 903 644 946 895 -1 399 161 39 690 276 
42 -1 187 769 418 122 331 849 588 266 320 206 159 435 114 184 450 907 832 570 900 843 370 581 589 318 413 151 611 133 -1 864 967 690 -1 531 797 471 848 912 644 131 980 271 779 623 794 896 105 475 695 106 519 628 399 345 630 69 914 266 747 690 214 365 0 753 962 979 768 589 461 252 476 472 741 846 960 477 678 893 134 875 365 387 437 743 800 160 -1 418 954 859 909 237 
13 143 235 958 604 68 939 774 950 348 864 411 106 384 673 182 746 551 545 409 615 844 984 334 464 318 437 196 712 905 657 916 939 562 632 931 811 941 159 331 832 182 958 869 -1 462 85 791 30 175 464 106 119 779 659 428 710 863 91 562 844 242 228 994 636 278 885 23 958 657 651 38 32 314 83 122 623 106 -1 90 76 481 180 810 144 403 844 30 917 570 583 808 938 977 
61
2 19085
3 31668
3 33218
5 76651
2 62520
6 3464
4 26009
6 26558
1 78495
1 41109
1 54330
6 30062
2 30974
2 66327
1 38834
6 66234
1 93383
1 90997
4 68428
1 61999
3 79260
2 79836
5 62568
1 58023
6 19833
6 49981
4 80851
6 75973
2 59839
5 90546
5 83085
2 72943
5 71032
5 19418
5 64289
2 19461
4 46877
6 48816
2 38392
3 66858
4 38674
4 48738
2 29583
2 47700
4 16065
3 4446
3 11376
4 91967
4 57678
2 54570
4 25503
5 81865
1 6030
1 14527
4 70223
2 18997
2 30925
2 44771
1 25148
2 66280
2 63419
