6 66 1007
81 797 250 491 181 882 598 248 166 887 478 134 201 482 79 479 948 188 76 698 78 868 851 338 -1 884 641 578 224 221 440 257 538 692 503 715 410 673 913 251 635 152 251 402 847 345 615 855 717 615 469 942 250 562 807 942 579 214 981 764 766 516 277 409 667 508 
36 686 490 281 -1 -1 613 384 600 -1 64 289 652 269 342 54 684 233 124 615 238 687 742 439 674 812 469 314 413 452 423 449 419 -1 114 368 270 2 218 886 297 725 305 257 945 956 269 895 210 115 16 653 442 669 594 731 723 497 794 606 921 792 150 938 733 864 
66 509 954 573 531 495 285 512 329 380 963 933 623 173 54 444 998 736 981 57 136 700 342 25 -1 167 791 241 939 607 875 294 935 223 898 502 150 743 704 569 404 682 185 384 941 173 354 87 843 742 871 187 973 766 684 347 621 908 469 643 192 696 732 722 952 195 
34 374 643 88 416 351 669 242 -1 33 355 714 400 437 94 34 565 145 362 951 372 964 515 63 851 800 369 194 229 157 136 964 353 15 386 748 966 565 472 488 430 343 96 204 651 811 45 946 916 7 603 746 984 253 499 619 239 895 142 166 69 335 870 349 834 144 
10 880 551 253 371 914 239 960 192 901 36 702 597 371 350 126 684 242 921 799 65 688 844 412 265 922 703 372 41 901 404 276 948 566 -1 789 148 51 668 804 958 907 831 184 44 83 548 496 75 656 928 577 830 443 275 35 207 441 950 814 73 566 543 948 936 292 
61 -1 164 57 547 829 703 970 996 35 534 784 333 227 938 451 13 126 844 106 738 193 540 229 490 457 337 195 386 144 302 198 664 339 532 33 250 89 44 283 597 565 314 29 943 62 69 597 550 861 502 987 811 851 868 825 155 940 1004 703 760 823 373 814 491 151 
58
6 918894
3 9403469
2 8426516
3 7759980
5 6821009
1 49738
4 5430620
4 3348914
3 7853499
3 4316834
5 2993759
1 151970
1 6859042
5 6881625
3 6263189
4 253740
6 9027659
4 8892649
2 7873329
6 3845690
3 9752300
3 7043402
1 3684737
1 396307
5 9989475
6 9550241
2 5270087
1 6173760
2 4924371
6 7438864
1 3562104
1 3402345
2 9866162
5 5076639
4 3980325
4 4950178
6 2817754
4 3948247
4 7418598
1 3073429
5 6606749
3 5424010
5 7358583
5 9038666
6 2202209
3 3470512
4 9202835
4 3386777
6 1684201
5 1841190
1 7385742
3 6946204
5 1301298
2 1738689
2 271707
3 1160672
1 2468489
3 1271641
