894
2 613
3 501
4 670
8 249
9 865
11 455
12 424
20 519
23 101
26 420
27 290
31 653
33 65
35 162
37 389
39 780
49 217
50 249
52 811
53 391
58 258
59 16
16 593
60 246
61 492
62 352
67 878
69 188
75 801
78 697
79 282
83 529
85 303
87 57
57 778
91 283
93 511
95 317
99 811
102 621
103 746
108 207
111 380
114 810
116 378
117 778
129 695
135 604
136 132
132 621
137 100
138 399
140 646
141 692
143 655
144 243
145 150
147 638
153 430
156 66
66 450
158 711
160 595
162 753
166 777
167 488
168 151
171 394
172 814
175 68
176 130
178 665
179 274
180 509
183 590
185 651
186 392
188 401
191 371
194 533
195 127
127 470
200 38
203 773
205 278
208 702
209 131
211 437
214 445
215 571
217 502
220 894
224 397
226 212
228 762
230 280
232 709
235 19
19 683
236 628
239 86
86 812
242 408
243 369
247 437
250 104
254 125
125 838
257 504
258 505
261 477
262 640
263 81
264 524
266 518
267 368
269 331
273 659
275 804
279 775
280 335
282 421
283 784
284 731
285 633
286 662
287 126
288 447
290 680
291 808
296 181
300 775
303 736
304 598
305 249
308 278
309 701
317 383
323 221
221 310
324 888
326 707
328 56
56 84
330 336
331 583
338 451
340 666
342 347
343 360
344 556
345 691
347 780
348 456
349 528
351 528
354 223
223 653
355 81
81 18
360 577
362 271
365 792
372 428
373 868
374 146
376 705
379 675
381 528
382 41
383 100
384 531
385 758
386 165
387 614
389 199
199 758
390 170
170 875
391 210
395 539
396 546
397 7
7 435
400 107
107 544
404 68
68 339
406 312
408 148
409 356
412 888
413 428
415 253
253 421
417 402
402 398
398 241
241 192
419 42
42 292
292 301
301 572
421 165
165 466
426 302
302 363
427 329
329 471
428 353
353 548
429 126
126 5
430 564
433 560
434 121
435 213
437 627
439 460
440 535
443 785
444 815
445 528
449 318
318 174
452 65
65 729
456 581
457 315
459 36
460 632
462 616
465 337
466 320
320 780
468 802
469 621
471 259
259 246
472 207
207 621
473 793
475 332
332 625
478 463
463 891
480 756
481 685
484 634
489 321
490 325
491 524
493 251
494 863
500 851
501 424
503 43
504 696
505 121
508 357
510 731
511 752
512 89
513 173
515 177
177 878
518 90
90 797
522 252
252 335
524 110
528 873
529 244
244 451
451 613
530 706
531 448
532 474
536 506
537 197
538 804
539 831
540 720
542 161
545 799
546 686
547 594
550 851
553 487
487 714
554 313
555 334
334 582
563 411
564 506
567 768
568 405
405 606
569 681
570 656
573 46
576 800
579 634
582 289
583 356
356 363
363 110
110 813
584 846
585 626
586 115
588 756
590 562
562 844
593 32
594 476
595 636
596 625
598 432
432 238
238 455
455 754
601 571
602 142
603 281
281 193
604 15
15 685
605 798
607 705
611 446
615 843
619 610
610 196
620 248
622 72
624 558
625 367
367 884
627 509
509 98
98 105
105 380
628 669
629 54
54 411
411 260
631 699
634 142
142 701
638 43
43 606
606 561
639 623
623 757
640 851
642 815
643 781
645 641
641 718
649 592
592 202
650 677
652 307
653 407
654 40
655 378
656 70
70 416
657 368
658 589
661 514
514 482
482 84
662 298
298 535
535 495
663 558
558 350
350 646
665 364
667 392
392 357
669 40
40 120
120 229
229 890
670 41
41 115
671 646
646 768
672 706
676 858
678 560
680 119
119 370
370 599
681 506
682 450
450 121
683 873
685 154
154 644
644 470
687 237
693 47
695 121
121 731
696 614
614 470
470 492
492 84
84 861
700 858
701 133
133 96
96 192
192 139
139 146
146 307
702 794
703 30
704 128
128 757
705 589
589 246
706 233
233 294
707 752
708 692
692 424
424 740
709 845
710 173
713 316
714 187
187 219
716 446
446 34
717 843
719 21
21 525
525 32
32 891
721 499
499 174
174 92
92 690
723 312
312 248
248 112
725 212
212 277
277 240
240 74
728 865
732 485
733 316
316 274
274 352
352 113
735 697
697 198
736 73
73 869
737 523
738 260
260 204
204 74
740 293
742 152
746 104
747 827
748 193
193 100
100 431
431 366
749 201
201 237
751 688
688 448
448 358
753 5
5 734
734 597
758 88
88 715
715 198
198 414
414 94
759 549
760 526
526 791
766 756
756 609
609 775
767 394
394 868
770 94
94 477
477 276
276 255
255 580
772 218
773 447
447 679
679 659
659 823
774 890
775 1
1 626
626 453
776 358
358 630
630 293
293 71
71 727
727 123
778 268
268 246
779 216
216 826
781 782
784 122
122 698
785 496
496 13
13 197
197 479
786 106
106 684
788 754
789 371
371 369
369 77
790 827
791 164
793 745
796 755
798 159
800 745
745 486
486 621
621 219
801 231
231 29
29 299
299 74
802 151
151 566
566 319
805 377
377 507
806 206
206 498
498 310
310 711
711 520
808 517
810 295
295 636
636 306
306 164
164 112
811 684
684 251
812 44
44 857
813 101
814 809
815 131
131 856
816 410
410 752
752 190
818 651
651 780
780 488
488 724
724 47
47 169
169 148
148 423
821 675
675 364
364 36
825 101
101 190
826 556
556 617
617 485
827 297
297 38
38 648
648 418
828 731
831 14
14 461
461 694
694 115
115 375
375 834
832 76
76 795
795 691
691 265
265 551
551 587
833 762
762 380
380 633
633 36
36 527
527 161
161 720
720 6
6 196
834 820
835 196
836 761
837 552
552 690
838 163
163 599
599 453
839 580
580 436
436 467
467 157
157 245
245 581
842 541
843 184
844 666
666 441
441 885
845 46
46 97
97 587
587 817
817 476
476 325
846 852
847 109
109 495
495 677
848 124
849 690
851 613
613 319
319 557
557 270
852 124
124 729
729 869
854 577
859 425
860 420
420 149
862 581
581 674
674 739
739 227
227 867
864 520
865 668
668 857
866 575
868 764
764 549
549 497
497 346
346 883
869 454
454 464
464 483
483 246
246 597
597 289
289 858
858 22
22 855
855 234
234 155
155 689
689 218
218 731
870 219
219 637
637 889
871 809
872 416
416 743
743 152
873 388
388 368
368 819
819 361
874 48
48 698
875 25
25 544
544 159
159 24
24 113
113 632
632 506
876 359
359 335
335 794
794 322
322 366
366 754
754 565
565 520
520 559
559 782
782 357
357 787
787 534
877 361
878 712
712 55
879 210
210 863
863 453
453 577
577 797
797 823
823 635
635 600
600 857
857 294
294 769
769 880
880 407
407 506
506 502
502 765
765 840
840 401
881 202
202 321
321 271
271 777
883 841
841 829
829 664
664 313
313 731
731 314
314 673
673 548
884 378
378 882
882 516
516 830
830 575
575 418
418 768
768 325
325 134
134 741
741 618
618 18
18 726
726 130
885 533
533 333
333 10
10 479
479 744
744 222
222 809
809 130
130 104
104 755
755 64
64 777
777 173
173 804
804 196
196 856
856 458
458 574
574 853
853 89
89 519
519 543
543 517
517 403
403 867
867 660
660 249
249 591
591 677
677 80
80 730
730 315
315 423
423 750
750 803
803 272
886 77
77 718
718 401
401 190
190 578
578 474
888 72
72 761
761 393
393 278
278 722
722 850
850 861
861 690
690 55
55 485
485 339
889 571
571 887
890 311
311 336
336 251
251 17
891 118
118 341
341 757
757 442
442 763
763 612
612 361
892 150
150 698
698 184
184 560
560 887
887 771
771 149
149 74
74 647
647 541
541 361
893 474
474 507
507 327
327 270
270 561
561 822
822 608
608 237
237 824
824 34
34 572
572 181
181 51
51 699
699 521
521 807
807 256
256 399
399 534
534 616
616 548
548 337
337 799
799 213
213 339
339 686
686 361
361 422
422 438
438 17
17 783
783 28
28 523
523 225
225 307
307 189
189 152
152 30
30 425
425 82
82 63
63 112
112 272
272 123
123 820
820 792
792 45
45 182
182 894 
1 0 1 1 0 1 1 1 0 1 0 0 1 1 1 1 0 0 1 1 0 1 1 1 0 1 0 1 0 1 0 1 1 0 1 1 1 1 1 0 0 1 1 1 1 0 0 0 1 1 1 0 0 0 1 0 1 1 0 0 0 0 0 1 0 0 0 1 1 0 0 1 0 0 0 1 0 0 0 1 1 1 0 0 0 0 0 0 0 0 0 1 1 1 1 0 0 0 0 1 0 0 1 1 0 1 1 1 0 1 1 1 1 1 1 1 0 0 0 0 0 1 0 1 0 1 0 0 0 0 0 1 1 1 0 1 0 0 0 0 0 0 0 0 0 1 0 0 1 0 0 0 0 1 1 0 1 1 1 1 0 0 1 0 0 0 1 0 0 0 1 0 1 0 0 0 1 0 0 1 1 1 0 0 1 1 1 1 0 0 0 1 0 1 0 0 1 0 1 0 0 1 0 1 0 1 1 1 0 1 0 1 1 0 1 1 0 1 1 1 1 0 1 1 0 1 1 1 0 0 1 1 0 0 0 0 0 1 0 0 0 1 0 0 0 1 0 1 0 1 1 1 0 1 0 0 1 1 0 1 0 0 0 0 0 0 1 0 1 1 1 1 1 0 0 1 1 1 0 1 1 1 0 1 0 0 0 1 1 0 1 1 1 1 0 0 1 0 0 0 0 1 1 1 1 1 1 1 0 1 1 1 1 0 1 1 1 0 0 0 1 0 1 0 1 0 0 1 1 1 1 0 0 1 1 0 0 1 0 1 1 0 1 1 1 0 1 1 0 0 0 1 0 0 0 0 0 1 0 1 0 0 1 1 1 0 1 0 0 0 1 1 1 1 0 1 0 0 0 0 0 1 0 1 1 0 0 1 0 1 1 1 1 1 1 1 0 1 1 0 0 0 1 0 0 0 0 0 1 1 1 1 0 1 1 1 1 1 1 0 0 0 1 0 0 0 0 0 1 0 0 1 1 1 1 1 1 1 0 0 0 1 1 1 0 1 0 1 1 0 0 1 1 0 1 1 0 1 1 0 1 1 1 0 0 1 0 0 0 0 1 0 1 1 0 1 0 0 0 0 1 1 1 0 1 0 1 0 1 0 0 1 1 1 1 0 0 0 0 0 1 0 0 1 1 1 1 1 1 0 0 0 1 1 1 0 1 0 0 1 1 0 1 0 0 0 0 1 1 0 0 0 1 1 0 1 0 1 1 0 0 0 0 0 1 0 0 1 1 1 0 1 1 0 1 0 0 0 1 1 0 0 0 1 1 1 0 1 0 1 1 0 1 1 0 1 0 0 0 1 0 0 0 1 1 1 0 1 0 0 1 0 0 1 0 1 1 1 1 1 1 1 0 0 1 1 0 1 0 1 0 0 0 1 0 1 1 1 1 0 0 0 0 0 1 0 0 1 0 1 0 0 1 1 1 0 0 1 1 1 1 1 0 1 0 1 0 1 1 1 1 1 1 0 1 0 0 1 1 0 0 1 1 0 1 0 1 0 1 1 1 1 0 0 1 0 0 0 1 1 1 1 0 1 1 1 1 1 1 0 0 1 1 1 1 1 1 0 1 0 1 0 0 1 1 1 1 0 1 0 0 0 1 1 0 0 0 1 0 0 1 1 0 0 0 1 0 0 0 0 0 0 1 0 0 1 0 0 0 0 1 1 1 0 1 1 1 1 1 0 0 0 0 1 1 1 0 0 1 0 1 0 1 1 0 1 1 1 0 0 1 0 1 1 1 1 1 0 0 1 0 0 1 1 1 1 0 0 1 1 0 0 1 1 1 1 1 0 1 0 0 1 0 1 0 0 0 0 1 0 0 1 0 0 1 0 1 0 0 0 1 0 1 0 0 1 1 0 0 1 0 0 0 0 0 0 1 0 1 0 0 0 0 1 0 0 1 1 1 1 0 1 1 1 0 1 1 0 0 1 1 1 0 1 0 1 1 1 1 1 1 0 0 1 1 0 1 0 0 1 1 0 0 0 1 1 0 1 1 0 1 0 0 0 
129967026 910708201 343438060 523688867 824622188 695273389 548755455 270754028 576218137 878889976 35034649 691607670 855683650 360834243 929602820 163465463 282393196 306300595 441326428 657471438 484348692 57771902 192302528 699031239 271996251 658470652 29390501 120139035 13277563 340100831 86279138 707548467 941966516 699601828 231419962 865984469 290722028 965615711 980604346 320804483 95084515 288019079 352642800 885420396 594164094 525543656 93314079 265858477 634457088 635250912 50855617 945872262 153313798 553055319 428716808 750745299 876489815 671631217 151955194 470924208 999315751 154950102 105365681 856232471 114590930 969926377 356945322 747121982 191513169 496824687 49842796 19836994 503077274 519691784 976972943 788667657 715405902 944789753 240297568 583949230 145087493 396271811 686417155 229100381 807732115 714837674 701817100 650432 642951326 883281719 727635582 812890336 491438365 775457737 775445223 450916525 130091019 150953112 695614830 58665055 322655935 577599230 724920307 593593966 462752900 56989627 877212643 145074636 355947634 464613499 8392457 291957826 979395734 319152671 380579021 395034883 732224389 944450901 915110333 41759239 107469158 444122945 844500059 717559367 90699424 571872803 314445800 601736379 11839804 333078657 879610710 483104148 940779907 433140817 694053034 962206590 937875479 150430551 212270027 370339132 778484830 277867026 170269121 115159746 40524710 814494469 904673989 748647893 941962111 65636229 873431675 313343032 286688704 981133058 571730219 41960436 657976219 171533260 75302097 227097175 99092431 616800625 44288498 213512409 275624809 9716121 523668831 347814003 26864989 549348520 385517489 313102350 763783839 88481957 135555175 683300325 573848150 966801608 177259673 627742136 187784701 477746659 688970527 250198648 859540425 678657282 243438009 164422851 204782824 233823687 785161315 303307651 728869632 341438207 814649833 575691161 846670853 930630975 584031184 127348126 492086997 564566289 673636269 618618085 686992187 947079138 133726805 47905876 373077933 132952300 86912008 554454394 978824190 833450799 177625199 734814566 130965354 962786256 733468233 558826411 650523486 620935967 608874224 11073286 934057157 45551153 69346420 171294936 937672803 975252543 693866706 1687571 862029849 993660242 274265750 255925220 275135111 732394406 80702581 741767186 104170652 252471812 239905772 585914240 156834530 168682270 487911265 39759854 351586579 526277595 166745146 573930907 682418880 690050614 118986731 994624108 435944585 760901012 399250251 388428482 977175761 623528926 944223503 31771051 277547274 797468105 216122690 250399236 746983587 389985077 953237120 112482578 360158224 88321403 436876216 384752517 103119899 754944698 399957805 583120202 73151976 826961274 480309364 63621930 746197941 116618146 714087423 600261435 171678040 902913383 234591985 410056599 24334924 772505652 168459955 806961583 612019854 895047619 98733732 195493399 288082250 908593292 610405995 804802901 925890683 266443984 212125093 374065782 546600118 877495657 378068517 173349378 705830462 299160499 755388592 13787960 876024704 774028097 307107209 632741291 355806544 121868142 87396065 680262884 518311052 77378302 629731682 591566178 194930371 504352895 454639836 722177387 316393337 328870981 655940415 925757700 736668778 603033474 419365460 186448607 81087153 539154320 537909468 410542001 238124549 264062736 456390629 899365691 210833188 465543774 554009967 901875440 950571986 479035681 369109205 524291332 805182427 13531543 410843524 804384852 362388853 70185575 271430620 296661687 50304289 713198432 665151605 623380582 336791231 713983082 496288132 520323352 154301952 8789012 469638644 430856458 98364361 867549890 470593298 216219810 290578059 853599424 908718672 640646980 796139178 679797922 809581851 593897867 586492519 893255837 144248325 128190914 677736214 464924017 524113402 397614680 122272276 839614851 433226811 152372081 710697588 885954321 396452299 700906151 810992185 767463562 135017193 562079755 108138190 836888613 219857805 663685964 702394771 248926723 859433876 729214129 961790853 818864020 459312731 410447231 989803389 953867473 801952851 813379683 907177557 418279400 613159170 197487489 949492736 520434785 87745270 960027546 81625809 988683208 515339112 539565502 964491597 846640457 373606760 552472256 38676017 771980702 928522713 184066502 655849121 267911531 170958646 521518095 859346994 669328688 785137435 96571516 919004539 732816390 479103342 573395615 131845995 533775568 554811225 155192603 639086266 170997646 15204233 426790388 931039089 465914706 374206992 682548466 234085777 585888365 576524732 595129500 85564230 644610665 575069183 67844247 439584775 240943270 659745216 693501257 833111996 523703739 961934440 353177941 985778082 273370358 679254219 146544771 873210620 281130670 807701613 731760050 316138855 577946626 198051568 930894934 159251429 455290998 25011899 681432643 475857291 789835705 699174090 943350373 455857957 237472959 301778005 239233539 158613704 446382817 305305423 752120930 48553797 461679486 380041888 153549402 826302712 34365567 414699596 314669958 930519028 350860032 738053300 555312130 918918407 617558834 448166423 564717447 305413737 151124313 750347459 564709682 271413700 466419067 793534098 773413759 549909316 661448396 226077569 401306994 435132847 586028251 116933173 619986208 393820004 472029092 587428906 596688864 852556932 273343485 60874330 439337881 387773945 115423636 45868849 975655935 264049575 92623011 929107257 508427895 847880762 707061442 233938671 22539856 731084795 460908679 559383495 619485681 365259395 925235512 491737736 108872849 679253007 694319112 278331637 171254243 911657112 925814160 34713412 107962615 608463915 774500243 833344412 331682224 857348359 338185168 886196764 809906108 12780434 754713969 947004481 781616563 168575990 880128605 531590434 333248631 773639888 547868477 866026892 874912904 500760530 289138719 24317110 21666327 843236765 56662733 578285273 865645748 274032065 314311686 803059298 185709102 483696773 253008283 977354837 801420961 705180280 593460242 65410201 983337844 779022766 915696657 606601918 956685651 255504339 926288736 646945237 852005733 62252790 61269609 744579873 610271599 317476808 55128773 547245992 19921557 954338423 683642331 592831849 805800883 298841222 123577200 60764831 657266866 592307155 743529182 433808931 662518412 921759180 374139466 484501384 647855817 205550468 852296498 359276496 375040551 118509046 820581550 985976426 371550759 48966777 302686511 344751952 474028165 752111370 952259214 970681772 675452558 807418873 703002139 425878691 41555997 940886999 792920875 704278057 381018235 155422805 476052796 718168931 835945151 526636174 218603260 752545954 37776744 661902665 455113313 182982594 848912003 87194439 74087895 170531070 273104912 208070139 895387894 427560715 419874249 883763968 815741393 772631117 924727866 958458041 738992512 93187863 777085970 934901166 336081355 375539257 648129022 86666022 21493136 639010983 685232072 808298011 523376966 571234511 232140284 532978712 35359744 116651900 682420106 244523513 885372885 867719983 567833188 293696196 685421187 611597642 819708687 88304097 217502155 643706834 553457717 637518145 42884375 641295429 534110694 619677173 722559086 169662859 146946934 608040643 612743608 783859778 515405167 651409178 407573713 546776320 347672788 278170937 155207420 480088203 21962682 984607386 803905441 399075063 834306674 364058893 591046084 755373806 384309104 862713452 213674738 333752644 810527146 680292271 259777530 678342022 476823223 731360218 33897027 448323948 354293897 191125212 324528070 780178814 864992208 229042036 269124947 220918406 538944820 68741538 425752173 638011615 285904198 547530618 739839368 63876156 684174173 256216155 77371617 81765975 407609281 749418353 237829250 268162064 747353129 644690145 324019415 804002744 39589495 169822629 223324693 726078477 852926711 280362132 258656319 600984199 548807348 854775571 560706028 780088041 40679634 209486505 583285640 362204100 581831056 254820347 618241864 588460309 203225709 129788949 595177106 492439723 809563281 806426746 686830302 42555023 227970347 479724886 482339222 650874031 226472065 745131721 274109103 44270086 566575493 156025286 633285300 181542746 359841324 688989119 791161653 990858935 836233092 706259216 676739366 746903614 650277990 964733806 701433058 471046702 911450508 305632379 639698019 227616642 203532199 262888343 353248140 889697081 600202330 236375592 681411589 737833252 351120234 472819581 439892995 196433073 935099294 136111564 717562623 450142350 985432204 768370560 183520882 404032806 129829632 765763145 499558833 359608174 81969149 779103589 799648917 749142413 841763135 697061425 465725093 844647139 712816355 153998663 146891034 44287006 74311097 304639262 42034129 
702
4 353
5 766 123395416
1 605
2 793
4 170
3 142 1
2 251
4 466
3 583 1
1 831
4 35
2 387
3 683 2
1 836
2 377
2 773
5 634 277653657
4 403
4 571
2 402
1 181
5 55 835477612
4 136
1 63
4 828
2 786
4 810
2 486
2 478
5 808 587731626
4 24
3 365 1
1 688
1 245
1 570
1 864
2 112
3 496 2
4 290
3 150 2
2 602
3 499 1
2 881
5 12 850803066
3 443 1
1 665
5 403 798614798
5 553 725065737
5 555 816239958
1 876
3 40 2
3 489 1
3 429 1
3 202 3
1 621
1 756
3 458 1
3 878 1
4 625
4 107
1 717
5 503 803445190
4 374
2 434
3 457 1
2 758
5 703 799561678
4 179
5 14 822931513
1 611
5 742 721958317
3 693 1
1 205
2 736
1 662
2 708
4 171
2 480
3 103 1
1 835
1 448
4 466
1 392
5 550 188764705
1 886
5 356 64807492
2 25
5 280 245465095
4 673
5 175 825334492
3 194 1
1 383
4 267
5 394 289476418
2 261
1 639
1 630
5 535 911939661
2 143
3 642 1
1 111
4 706
4 666
5 447 447124002
3 680 2
4 414
2 471
5 674 961507222
4 667
2 273
4 32
4 8
5 167 716713563
4 192
3 463 2
2 592
5 215 185817987
3 867 3
1 473
2 535
5 531 932722930
2 669
1 506
1 368
2 138
5 271 872786390
2 218
2 458
3 603 1
5 757 174454756
4 341
4 90
1 621
4 609
2 299
5 602 325549920
5 20 592975879
1 621
4 690
3 661 1
3 4 1
2 171
2 693
5 293 849839219
1 368
3 771 1
1 350
2 373
2 211
5 778 680164198
1 543
3 181 1
2 713
3 292 1
1 712
5 353 23321145
1 393
2 105
5 276 96081620
2 726
3 624 1
2 162
2 433
2 217
1 393
1 208
4 429
3 254 1
2 648
4 877
4 80
3 800 2
1 229
4 455
5 822 378324429
5 643 21901492
2 555
1 552
1 180
2 162
1 522
3 562 2
4 49
4 58
2 295
3 865 1
4 887
3 53 1
5 796 21263678
3 571 4
4 160
1 672
2 565
4 23
2 26
2 739
4 759
3 628 1
3 422 1
4 138
1 116
5 803 884964820
1 664
1 146
5 183 436451335
1 809
2 212
5 593 898596582
2 819
5 97 902804227
4 548
4 207
5 242 911920368
4 344
4 705
5 891 672599760
1 311
5 888 744102639
2 748
4 360
4 100
1 204
1 55
5 82 503534581
1 541
2 819
5 316 683055010
2 314
4 352
2 571
5 139 559645185
3 745 1
3 720 2
1 325
3 690 5
5 579 494105793
2 500
3 557 1
5 223 472184751
2 715
1 718
2 289
3 631 1
2 92
2 145
2 750
1 660
1 493
2 468
1 64
4 622
5 865 736105381
5 811 197898355
3 32 2
4 646
4 848
5 82 481407563
5 647 980652201
4 457
2 146
5 424 736762045
1 407
1 789
5 501 338922680
4 569
1 221
5 507 511225980
1 514
2 64
5 69 406884560
2 587
1 282
4 780
5 337 707865492
1 808
1 196
4 391
3 145 1
5 379 211252360
3 142 2
3 776 1
1 510
5 689 285353053
5 142 716240618
3 276 2
1 411
2 882
3 477 3
2 306
1 122
1 144
2 274
4 685
5 493 43683324
4 277
4 437
3 318 2
1 165
2 596
4 579
2 36
5 695 288162959
2 281
4 37
1 882
3 7 2
1 404
2 264
1 875
3 386 1
5 793 599491918
1 402
5 656 994328402
4 403
4 612
1 741
5 809 212233217
5 638 568780667
1 536
1 776
4 665
1 159
4 404
2 323
2 306
2 801
2 374
3 546 2
4 834
2 287
2 532
4 839
5 619 885950216
5 694 551780320
2 57
5 136 977399684
3 522 1
1 328
1 397
2 75
2 245
5 434 652783885
3 833 1
3 72 2
3 456 1
4 85
1 506
2 706
5 172 960192375
2 124
5 302 431853468
5 468 576455317
1 12
3 29 2
3 233 1
1 378
3 521 2
1 664
3 732 1
2 661
1 465
3 872 1
1 662
2 329
1 794
3 248 3
4 495
3 108 1
2 633
5 594 384032983
1 21
5 426 928287600
2 661
3 135 1
5 270 274971929
4 596
3 359 2
2 269
2 689
4 831
1 40
4 391
3 519 3
1 384
1 786
2 48
1 424
1 543
2 831
4 536
4 125
1 574
3 648 2
2 607
5 410 752960738
4 117
3 728 1
2 750
2 691
5 534 579655598
3 657 1
2 24
1 670
3 618 2
5 757 381800680
4 683
3 91 1
3 810 2
3 234 1
3 772 1
2 54
3 187 1
2 52
4 244
2 396
2 416
2 323
2 754
3 66 1
2 778
2 46
3 499 1
3 218 3
1 517
5 458 946995516
3 634 1
3 185 1
5 386 902304691
2 426
2 191
1 855
5 608 368932007
1 74
2 406
2 647
3 362 1
3 496 1
4 449
4 699
3 459 1
1 606
2 129
1 88
4 204
4 334
4 566
5 374 461796931
2 419
2 865
5 505 822330817
3 76 2
3 805 1
4 717
1 235
5 261 902182422
1 741
1 637
5 501 647833528
5 285 525062718
4 624
2 474
5 134 255753930
2 647
5 818 395201256
4 322
1 20
5 34 212647545
4 212
4 289
5 571 196302276
2 235
4 705
5 825 908994051
4 682
5 744 189255550
3 280 1
3 860 1
1 708
2 640
3 313 2
3 750 2
1 713
4 666
4 557
3 279 1
3 699 2
5 302 340284813
3 100 2
3 883 1
5 113 447870946
3 480 1
3 346 1
1 417
2 512
4 891
1 258
5 557 715559280
5 596 372991850
1 836
1 871
3 756 4
3 665 2
2 723
1 193
5 308 214753894
5 688 705604813
4 616
4 299
1 396
1 454
4 231
3 753 1
3 261 1
4 85
1 555
4 740
5 334 765000719
5 83 576720429
5 817 779677009
5 329 304783597
2 28
5 445 26403293
2 282
1 528
3 198 3
4 832
1 274
4 515
5 788 148924299
4 500
2 69
4 494
4 159
3 378 3
1 718
1 309
1 533
2 787
3 35 1
4 873
5 297 812554408
4 541
5 237 143981178
3 471 2
1 426
3 45 2
4 590
4 409
3 857 3
5 144 134716605
1 469
2 366
4 457
1 603
5 250 70390362
1 340
2 96
3 540 1
4 799
3 707 1
3 873 2
5 561 435781900
2 189
1 56
3 752 2
2 894
2 721
5 171 919176202
5 562 186881055
3 155 2
4 642
5 799 188889071
2 358
1 676
3 628 1
2 203
4 676
5 178 574602398
5 155 289765810
2 625
5 483 742662254
3 340 1
2 79
5 203 41943406
2 48
5 534 257931403
4 626
1 278
1 623
5 542 144100048
5 230 481097331
1 491
1 348
3 530 1
1 160
4 885
1 284
2 230
1 21
5 293 912614378
3 338 1
4 626
1 788
1 140
1 430
5 154 300969525
3 620 1
4 857
3 157 1
3 568 1
4 868
5 760 696695488
4 111
3 361 1
1 717
4 484
5 364 229572575
2 286
4 752
2 801
5 585 299467615
5 149 658472643
3 466 1
5 3 342668893
4 210
1 455
4 147
3 222 1
1 515
1 260
4 886
5 421 659190148
4 773
4 893
5 106 771200253
4 862
5 289 319251604
1 542
5 401 637653382
4 376
3 852 2
2 819
5 300 381470006
3 327 2
2 84
1 500
2 162
3 202 2
4 532
5 204 777151549
5 728 69875131
4 255
5 429 867574372
1 308
1 210
5 204 726213948
2 886
2 598
2 534
2 734
4 557
1 755
2 737
4 69
2 503
1 366
2 178
2 484
3 98 2
2 227
4 91
1 197
4 463
1 562
5 24 56722068
2 154
4 659
2 733
1 480
5 771 858954836
2 380
1 8
2 102
1 511
3 627 1
2 282
2 303
3 796 1
2 61
4 13
2 482
5 604 822365499
5 801 398537497
4 539
3 554 1
2 185
4 382
1 14
3 513 1
2 783
5 565 967473915
4 477
