590
8 47
11 239
12 577
14 154
15 450
17 70
19 30
21 563
23 243
25 407
26 165
29 433
31 495
39 258
43 78
45 306
51 186
52 97
53 111
55 152
57 295
59 555
60 91
63 379
65 482
66 586
68 422
71 465
74 519
75 384
81 467
85 98
88 32
90 575
97 251
99 482
100 54
104 280
108 576
109 419
111 218
113 272
117 261
118 122
125 62
131 461
132 428
134 369
136 89
137 70
70 520
140 383
141 34
148 143
149 293
154 47
155 138
157 246
158 44
44 188
162 40
165 510
167 285
168 193
169 495
170 67
172 84
174 80
80 468
175 191
178 498
181 95
183 463
184 291
187 217
188 56
192 283
193 176
204 424
206 371
209 245
210 476
211 285
212 400
213 28
215 577
217 446
220 287
223 233
224 489
225 474
226 394
229 531
230 291
231 586
232 435
234 357
239 202
202 46
46 235
235 392
240 544
243 329
246 386
247 366
248 77
249 563
250 58
251 252
252 397
255 550
257 28
259 282
266 244
244 427
273 431
276 352
280 405
284 127
285 116
116 303
287 10
288 41
41 365
289 300
290 37
37 331
292 67
67 360
294 377
298 423
300 283
302 452
303 161
161 79
305 227
227 360
306 173
173 406
307 143
309 569
312 487
314 171
315 382
317 262
262 129
129 222
222 145
322 533
326 348
328 261
261 368
332 480
335 301
336 264
264 311
338 459
340 5
341 499
342 228
228 381
343 331
331 511
345 242
346 24
24 121
348 590
350 383
351 293
352 527
364 525
365 394
367 545
370 105
373 185
185 216
216 356
356 529
374 482
376 420
378 286
286 274
274 197
197 297
380 575
381 461
382 18
18 565
383 465
384 516
385 203
203 377
386 379
379 245
387 150
388 402
394 487
399 271
400 194
194 189
189 207
207 128
128 114
114 283
402 355
403 299
299 30
30 120
405 359
359 511
406 539
411 176
176 195
412 268
268 473
413 301
301 260
260 22
22 275
275 256
256 69
69 9
414 164
164 447
415 375
375 313
416 258
418 271
420 583
421 573
424 582
425 321
321 233
426 105
105 13
13 587
429 525
431 42
42 238
238 293
433 84
84 308
308 469
438 278
278 107
440 473
441 110
443 488
444 494
445 507
448 153
153 94
450 515
452 316
316 541
453 422
422 160
160 330
456 102
102 152
458 313
459 93
93 4
4 77
77 320
320 16
16 73
73 254
254 179
460 432
462 547
465 263
263 271
466 547
467 72
72 500
468 551
470 182
182 397
397 576
472 98
98 82
82 79
475 144
144 519
478 151
479 565
483 89
484 481
485 199
486 362
362 325
325 291
291 366
366 401
401 20
487 503
489 5
490 396
491 92
492 558
493 474
494 476
495 360
360 430
496 547
498 269
500 512
502 138
503 198
198 497
504 357
505 279
279 107
506 501
501 329
507 258
258 7
7 539
511 270
512 205
205 311
514 126
515 28
28 208
208 58
58 47
517 120
518 62
62 442
519 333
333 151
151 447
447 218
218 510
510 408
408 297
297 311
311 329
329 434
520 508
508 357
357 323
523 318
318 464
524 355
355 56
526 253
253 361
361 5
5 522
522 566
527 437
529 179
530 3
531 54
54 236
236 171
532 295
535 419
537 145
145 38
38 569
538 1
539 377
377 20
20 409
409 83
83 330
330 269
269 49
49 369
540 36
36 371
542 96
543 499
544 135
546 152
152 283
283 27
547 156
156 214
548 2
2 124
124 392
392 126
126 177
177 159
159 419
419 3
551 577
552 563
553 40
40 555
554 95
95 417
417 574
555 35
35 499
556 436
557 304
558 79
559 214
214 339
339 449
449 310
310 369
369 115
115 583
560 61
561 142
142 270
270 396
396 265
265 393
393 319
319 391
391 101
101 477
562 219
219 103
103 463
463 313
563 143
565 549
549 407
407 91
91 64
64 564
564 121
121 499
499 277
566 200
200 245
245 147
567 180
568 86
86 47
47 295
295 78
78 107
107 436
436 347
347 34
34 110
110 271
271 474
474 32
569 371
371 482
482 372
372 473
473 354
570 94
571 147
147 434
434 33
572 237
237 497
497 6
573 480
480 528
528 282
282 89
575 304
304 550
576 390
390 389
389 6
6 94
94 588
577 112
112 61
61 344
344 267
267 171
578 146
146 272
272 324
579 516
580 163
163 106
106 398
398 516
516 199
199 545
581 481
481 353
353 313
313 509
509 358
358 324
324 446
446 171
582 534
534 281
584 130
130 334
585 79
79 135
135 427
427 76
76 368
368 488
488 541
586 166
166 190
190 96
96 437
437 513
513 143
143 9
9 150
150 541
541 56
56 349
349 27
27 536
536 233
233 461
461 455
455 1
1 195
195 432
432 293
293 138
138 123
123 423
423 471
471 323
323 89
587 430
430 521
521 457
457 327
327 3
3 32
32 48
48 221
588 469
469 92
92 363
363 477
477 242
242 435
435 533
533 122
122 583
583 10
10 354
354 454
454 464
464 476
476 180
180 428
428 179
179 439
439 550
550 133
133 442
442 404
404 221
221 281
281 334
334 87
87 139
139 337
337 241
241 186
186 89
89 119
119 277
277 451
451 127
127 50
50 296
296 191
191 171
171 410
589 201
201 525
525 395
395 196
196 410
410 574
574 33
33 120
120 545
545 590 
1 1 1 0 0 0 0 1 0 1 1 0 1 1 1 1 0 1 0 0 0 1 1 1 0 1 0 0 0 1 1 0 0 1 1 1 0 1 1 0 0 0 1 0 1 1 1 0 1 1 0 1 0 1 1 1 1 0 1 0 1 1 0 1 0 1 1 1 1 1 0 0 0 0 0 0 1 1 1 1 0 1 1 1 1 0 1 1 0 0 1 1 1 0 0 0 1 1 0 0 1 1 1 1 0 0 0 0 0 0 1 0 0 1 1 1 1 0 0 0 1 0 1 1 1 0 1 0 1 1 1 1 0 1 1 0 0 0 0 1 0 0 0 1 0 0 1 0 0 1 0 0 1 0 1 0 1 0 1 0 0 1 1 1 0 0 0 1 0 0 1 0 0 1 0 1 1 0 1 1 1 1 0 1 1 0 1 1 1 0 0 0 1 1 1 1 0 1 0 0 0 1 1 0 1 0 0 1 1 0 1 0 1 1 1 0 0 1 0 1 1 0 1 1 0 1 0 0 0 0 0 0 1 1 1 0 1 0 0 0 1 1 1 0 0 0 0 1 1 1 0 1 1 1 1 0 1 0 1 1 1 0 1 1 1 1 1 0 0 1 0 0 1 1 0 1 1 1 0 0 1 0 1 0 1 1 1 1 1 0 0 1 0 1 0 1 0 0 1 0 1 1 0 1 1 1 1 1 0 1 1 0 1 0 0 0 0 1 1 0 0 0 1 1 1 1 1 1 1 1 1 0 1 0 0 1 1 1 1 1 1 0 0 0 0 0 1 1 0 1 1 0 1 0 0 1 0 1 1 0 1 0 1 0 1 1 1 1 0 0 1 1 1 1 0 1 0 1 0 0 1 0 0 1 0 1 1 0 1 1 1 0 1 0 0 1 1 0 0 0 1 0 1 0 1 1 0 0 0 0 1 0 1 0 0 0 1 1 0 1 1 1 0 0 0 1 1 1 0 0 1 1 1 1 0 0 0 1 1 1 1 0 0 1 1 1 0 1 1 1 0 1 1 1 0 0 1 0 1 0 1 1 1 1 1 0 1 1 1 0 1 1 1 1 1 1 0 0 1 1 1 1 0 0 0 1 0 1 0 0 1 0 0 0 0 0 1 1 1 1 1 1 1 1 0 1 1 0 0 1 1 1 1 0 1 0 0 1 1 1 1 0 0 0 0 1 0 0 0 0 1 1 0 0 0 0 0 1 0 0 0 0 0 0 0 0 1 1 1 1 1 0 0 1 1 1 1 0 1 1 1 0 1 0 1 1 0 1 1 1 0 1 1 1 1 1 0 1 1 0 0 1 1 1 1 0 0 1 1 1 
70874248 244421352 882248990 943974799 831413784 418808205 151633461 665847960 699193253 954940698 295837827 240486482 881584961 837793420 712129812 843800479 342945431 542183128 371332662 9221542 21723043 961138994 443129331 251510646 230358202 808845562 983645510 346565693 235832178 339656742 343978139 606837279 635905610 492956390 999404891 597435084 658595260 217839315 549722055 460724549 256639702 182081980 830546825 833903265 929815233 742728574 573694602 200683660 351168145 580999507 412495355 906634984 953686043 389558116 174662658 159359585 143207654 206587122 86897684 621102951 430727767 18828335 565979263 578249140 129829419 507687161 66070819 977641947 755539354 399101726 93419493 896503921 628290458 279640887 848679667 460223105 628801920 500638250 915240808 840250636 966523618 610749879 126420964 416643393 831463118 199678231 102528476 378252668 904371433 321878306 581992271 272556325 625379408 769736396 216242986 461561673 981214171 579653134 536574607 377111355 52008365 509663245 37132761 761227005 569098810 570492060 82015167 578562645 980403981 976402372 834091767 107801152 386146826 162973327 923717532 507502067 481035291 347005647 928370567 823898803 260597224 717819719 454116622 778394547 8907963 723716176 68632194 45821570 247359197 594243363 965556953 216061887 483071765 693082341 887977560 978170971 980631270 367058405 356534076 109300749 628637453 743441319 881277164 368791578 214735160 516390463 281523281 843561731 659680905 392780288 270368126 424686367 283619322 73328726 665585305 540594988 232389310 208169780 142492922 947335536 268449416 242552896 560404906 678794301 351146281 984487186 140437 748385033 929305906 458978244 221086143 105791344 352868800 272174629 766793711 705171689 559041858 585281358 273871466 556275486 404909510 610693176 678323807 76391145 397534877 930842970 751619994 288773847 226401131 452432402 656264336 881019855 492779042 551495868 311280806 244184605 888566280 508756166 942409107 902841845 825549401 322791562 939512855 898401098 900901467 375851738 384243285 477570235 451560388 860415745 12708687 354902740 835414897 684842427 518065478 481929010 149691133 990043535 997189915 619344533 115149363 819418207 468810774 104868093 349474958 47438913 945755418 991846193 846904493 287316366 140244122 925262224 154869882 255010473 679687159 73440520 86228651 22616752 554139262 351347352 456995240 505764583 529515500 912308556 50170626 958067339 185613207 503639345 310345528 368414115 702198550 660740439 63166480 219403391 175068593 249242009 186214381 104008217 469360278 820471921 921039932 74106674 661934356 323007458 553138747 838183801 497568303 919635727 398958804 394717899 290628258 275284956 615643874 68443750 759836504 821212430 520036816 663400805 837291681 882638639 530411723 9928746 948068726 317036854 137862852 773636813 743165027 269625843 792441499 660555963 296244526 597380997 741314055 874123744 758900271 333197186 205906869 557324273 977854179 353585010 609470759 272595723 392820965 928187597 461195093 101832561 798965070 449592190 983350238 142239740 297221227 248239877 671144744 509685576 44151835 857264561 571330807 222935754 400469432 513706331 320836380 494909837 338041792 683369917 632510055 132836264 665273141 649602288 550866849 77965414 262590705 976963324 429251281 162365378 79475546 567190931 803255271 395919069 370894888 679432002 780769873 149813600 557570965 851654625 346285190 431844079 229011036 659540317 337159598 511337907 9622074 545269115 504921699 535078341 384638193 755027224 755100654 680644806 580127942 149562550 826146027 116192961 718601614 736839793 597704506 836557378 543449447 489463186 687175700 799993427 114857563 601448516 529120737 546856394 690329518 764049392 153696804 83342814 20136652 292286188 137619569 441910648 727412970 605311392 831721055 850629120 29584732 692342530 462624076 396276193 811489098 33590161 916373632 565871902 177147837 771094352 203679030 871707652 508539857 221551899 610645909 310128872 400129885 415613483 605962420 891513248 848086491 258508650 917973151 917778852 899216015 138275975 413588411 421502947 215324718 626615737 79396887 682944178 155958921 706507290 933802215 566888761 887416042 422285594 866455336 481348578 393098672 108533114 846285554 93041908 537251930 104323809 384724301 312984035 249986669 178475793 981738421 205775379 787439338 767026725 332286441 147888070 232226414 384654082 3200156 868509822 925675681 373909348 976778991 67826114 70545730 991524014 867537690 502342548 189521388 37259283 882036670 463870315 170021655 432807305 54542433 77900454 343410019 995716334 14508879 763763116 185715584 865791878 828392216 436683419 1730256 756398806 387477636 873901239 285536428 730786636 313123909 537039885 136368123 193531384 960459688 600158169 952548347 292042687 198311030 674659861 419346181 595518418 868005163 69421346 628644551 369491682 848927327 326755507 291804135 11978145 865031757 490987700 806473942 621810009 728433866 421569168 308366936 683056981 703184616 205784919 281073892 1985210 334324517 991102362 383961621 970875544 343604403 942379176 609120188 224122579 441497453 213787218 538585026 290463045 865999901 449470039 435685587 152880705 167711867 124460802 875451155 17409776 921426148 585876813 764010391 596553508 331562368 831243463 71345948 476143593 493760166 107774519 252940111 63616880 280509520 189002841 11736074 739177255 42072799 703806349 499345553 739913079 622345253 65281872 909540424 506842743 342910327 208552037 115304739 892308111 41084997 427580628 163594798 373564731 708554860 592589184 889375607 767195915 972918067 81217755 249774481 161630311 931065342 576051149 859094175 806345362 278123329 340581680 617361246 716644986 644033841 921332420 858479343 409291330 396877351 78147995 806891628 115207870 826703564 512649097 228943076 314430028 281242494 165461906 
810
5 472 229869334
5 545 900892157
2 386
5 392 916043129
2 59
4 436
1 410
5 473 187814236
4 110
5 369 596433495
4 320
5 517 571331131
5 270 987430944
2 349
2 37
1 157
2 458
5 491 12881697
3 210 1
5 562 706201018
3 255 1
4 301
2 408
2 209
5 129 217114608
4 566
3 427 1
4 536
2 470
1 73
5 46 281527051
3 468 2
2 392
4 552
2 502
3 113 1
5 142 161336272
1 217
4 451
3 112 1
4 39
5 308 877098239
5 438 420118481
2 30
3 473 4
2 26
1 388
2 290
1 451
3 411 1
1 260
1 37
3 52 1
5 458 658973573
1 158
1 122
5 447 708603336
3 588 2
1 400
3 395 1
4 159
1 226
3 284 1
1 443
5 427 563899025
5 452 364358629
1 87
1 109
3 509 2
2 104
1 204
1 586
3 161 1
4 407
1 299
4 191
5 517 955244888
4 161
3 260 2
3 534 2
3 109 1
5 312 137146110
5 504 242042552
2 371
2 534
4 498
5 242 103729620
5 406 489927572
5 520 633635236
2 411
4 302
1 93
5 58 570417074
2 121
2 299
4 257
5 463 325372017
1 390
1 488
2 75
5 56 266117158
1 365
4 116
5 417 242837677
1 192
3 47 1
3 540 1
3 72 1
1 270
5 129 157726883
4 509
2 31
5 183 454182982
2 491
4 270
2 477
3 562 1
2 306
5 253 934548006
4 375
4 76
2 397
2 399
1 255
1 493
2 332
2 465
1 315
3 287 2
2 165
2 319
4 241
2 342
2 147
5 54 216688197
3 214 1
5 345 15110791
5 562 443621437
1 304
3 67 1
4 218
3 239 1
2 163
3 234 1
1 531
2 565
5 174 777632355
4 421
3 361 1
2 141
5 541 335685078
5 587 557336915
4 255
4 273
4 475
5 35 882942416
5 525 217825184
3 413 1
3 102 2
2 204
1 196
5 191 297878639
4 585
5 573 477282178
5 325 740657633
3 515 1
1 17
5 555 10226144
2 199
2 163
2 400
4 126
2 198
1 70
3 451 2
4 43
5 262 38166491
5 386 39909814
1 126
3 81 1
2 228
1 129
4 22
2 63
4 379
3 203 2
1 522
3 319 1
5 309 534278047
5 201 523962523
1 584
2 475
2 51
4 251
5 287 706813328
5 122 437746624
5 370 648357880
2 111
4 508
4 462
4 556
5 213 198404982
4 219
2 253
1 78
5 413 653306248
2 75
3 576 1
4 572
4 505
2 20
4 143
5 300 215215633
2 443
4 296
1 333
2 540
4 432
1 555
4 526
5 309 985435587
1 98
4 302
1 119
3 204 1
1 187
5 237 876754834
3 497 1
4 341
5 284 837139197
4 21
3 380 1
3 541 4
3 419 3
4 214
4 234
3 373 1
4 252
4 238
3 432 3
5 187 745569698
1 462
3 495 3
4 61
4 396
5 79 82059389
4 522
4 246
4 223
2 23
4 442
5 568 744532880
3 262 2
1 314
1 59
4 332
4 329
2 418
1 149
2 181
3 304 2
3 164 2
1 571
1 306
5 14 371733936
4 86
3 306 2
3 570 1
4 394
5 351 394504291
4 489
2 242
1 138
2 267
5 131 302508559
4 24
2 292
4 296
1 203
1 449
5 419 785837947
3 167 1
3 423 2
1 589
3 64 1
4 384
3 255 1
3 314 1
1 145
4 224
4 106
5 272 63873730
2 42
2 236
1 150
1 502
3 365 1
3 145 2
1 485
1 579
5 487 419052412
4 147
4 201
1 105
5 94 781482601
1 573
2 293
4 169
4 214
1 368
1 574
3 348 1
3 20 1
5 381 462635798
4 380
2 361
2 59
4 350
2 573
3 358 2
3 411 1
2 95
5 552 120428399
1 579
1 257
3 337 2
1 460
3 400 2
1 118
2 415
3 590 1
4 45
3 179 2
1 440
2 184
5 94 20663511
2 338
1 522
5 271 790220728
5 77 886961591
2 345
3 356 2
4 143
4 365
5 502 97113094
2 510
1 53
4 209
1 558
3 549 2
4 358
3 299 2
5 129 844535421
4 43
5 531 71639158
5 92 650725767
2 304
2 164
2 201
5 233 567232378
2 501
5 296 987188537
3 420 2
1 39
5 228 613788279
3 223 1
3 306 2
5 531 316428413
5 324 215463319
1 541
1 409
1 51
4 205
2 471
4 200
2 550
1 274
2 448
2 133
4 341
2 137
2 195
4 440
2 511
4 395
4 277
3 14 1
3 369 4
1 392
3 357 3
4 318
3 537 1
1 51
1 123
2 96
5 518 49215617
3 347 2
3 449 2
1 233
5 547 729393055
4 134
4 571
5 358 212719711
5 490 242792391
3 78 2
1 436
1 562
4 458
1 320
4 235
1 558
2 81
1 38
5 534 474242960
3 571 1
5 138 911491059
2 292
5 413 496510593
1 426
5 241 931082691
3 298 1
2 56
2 557
5 331 399715488
5 430 106360743
5 316 654855932
3 123 2
5 309 678034647
4 294
2 331
4 407
3 227 1
2 521
5 6 630319000
1 352
2 471
2 352
3 588 2
5 364 714078059
2 178
5 164 28772487
3 526 1
4 478
4 156
4 229
4 18
3 149 1
2 15
2 226
5 372 479631277
3 584 1
1 359
3 158 1
5 188 589690577
2 538
1 259
2 55
5 376 348181925
3 284 1
3 401 1
1 124
3 546 1
2 534
4 511
3 519 1
1 346
1 350
1 465
2 156
3 532 1
5 275 171109503
3 49 2
4 456
3 57 1
4 480
3 160 1
4 322
1 307
2 552
5 5 295649058
5 11 965575617
3 175 1
1 531
3 492 1
4 578
4 198
5 260 699539644
2 265
1 270
3 495 1
4 151
1 310
2 546
4 411
3 462 1
1 10
3 384 1
1 546
3 524 1
4 320
1 88
4 323
2 210
1 219
4 219
2 23
1 515
4 405
1 108
2 73
4 534
5 106 83971136
1 262
3 179 3
2 561
2 477
1 266
4 39
3 585 1
1 238
3 107 3
2 41
3 319 2
4 430
1 442
1 141
2 240
5 454 694898300
5 134 768420690
3 552 1
5 442 331797902
4 169
4 565
4 348
5 487 793037642
2 314
3 50 2
5 222 197007879
2 389
2 299
4 42
2 35
5 26 973781094
1 190
5 451 965480145
5 318 267631672
4 21
5 243 442481881
3 332 1
2 444
3 560 1
2 29
2 346
4 556
3 394 3
1 60
3 136 1
3 65 1
2 162
5 427 855357457
3 90 1
1 9
2 219
1 137
1 422
4 32
4 168
3 312 1
3 161 2
1 152
3 343 1
4 47
3 424 1
2 550
1 503
3 460 1
5 387 118896961
3 123 1
4 298
2 64
4 323
1 255
4 99
1 525
3 280 2
3 501 1
4 295
4 372
1 479
1 342
5 571 500481604
1 191
4 541
5 59 463938715
5 469 9384458
4 297
5 18 344340548
4 17
4 537
5 583 322325453
1 271
5 402 874176446
1 104
2 572
2 178
3 297 1
1 341
3 453 1
5 354 918799370
3 181 1
4 477
3 385 1
5 110 533588570
3 250 1
1 343
4 132
5 30 359653645
5 586 758188781
3 503 1
5 509 339775994
1 354
4 173
5 553 144118142
1 495
2 404
2 113
5 17 325505777
1 341
5 13 208244188
2 385
3 486 1
1 434
3 374 1
5 568 327639445
4 497
1 247
2 106
5 271 398978821
4 470
5 93 745179513
2 223
2 339
5 227 513998664
2 303
4 240
2 469
3 420 2
2 61
1 272
3 525 4
5 80 868285320
1 192
3 242 2
2 322
2 410
1 22
5 275 756413947
1 471
4 56
4 173
4 435
3 92 2
3 93 1
4 589
1 163
4 422
1 415
3 186 2
2 342
3 333 2
2 280
1 48
4 430
4 155
3 130 2
5 383 117481744
3 349 2
5 267 186504789
3 243 1
1 526
1 503
3 438 1
4 13
2 175
2 257
5 261 893985715
5 462 26721861
4 477
5 408 597088292
5 306 715466229
1 582
1 219
2 247
5 82 517126004
5 431 498465358
1 145
5 378 253982466
5 567 84760994
2 92
4 572
2 475
3 165 1
2 427
5 562 861780556
2 506
3 61 1
5 477 269258494
5 496 829148199
4 110
4 480
4 132
3 56 4
4 114
1 94
2 164
3 459 1
5 54 571605807
1 260
3 261 1
4 255
4 108
3 3 3
2 295
4 31
1 304
1 404
4 429
4 259
5 402 352085049
3 519 3
2 205
5 316 651522405
3 97 1
3 133 1
2 515
5 122 255094445
3 71 1
3 382 2
4 125
4 72
2 307
4 365
2 193
1 502
1 303
1 167
2 92
1 448
3 524 1
2 544
2 498
4 273
4 221
4 81
3 388 1
2 166
2 346
3 157 1
4 85
1 55
1 129
1 523
4 528
2 525
4 89
1 511
1 287
4 23
5 546 162516062
4 10
3 367 1
2 583
5 387 295421280
4 496
1 517
4 136
5 173 241812068
4 107
2 574
1 288
2 505
1 250
4 46
1 337
1 43
4 527
5 516 374666373
5 198 627508952
2 499
3 524 1
4 144
3 159 2
1 338
3 565 2
3 453 1
2 232
3 9 2
4 266
1 367
5 409 485458199
4 106
1 447
5 42 77747308
4 190
5 50 149509545
3 76 1
5 37 636062655
2 295
5 207 729792178
1 92
