689
2 318
4 612
5 559
9 383
10 439
13 107
15 125
22 506
24 99
25 7
27 3
28 407
29 547
32 289
39 429
40 558
44 95
51 448
53 494
57 388
59 421
60 553
63 208
64 210
65 162
66 62
68 545
76 538
79 439
80 337
82 329
83 67
67 259
85 18
86 449
88 8
89 125
91 574
92 333
94 43
43 400
105 156
107 449
109 77
77 444
112 8
116 455
117 538
119 276
124 259
126 56
129 7
130 631
134 263
135 36
137 103
103 144
138 400
146 460
154 582
155 47
162 608
163 468
164 125
165 626
166 47
167 641
173 570
174 440
175 285
178 432
179 151
180 440
181 191
185 47
188 14
14 18
192 321
193 551
194 293
195 580
201 426
202 120
120 521
206 508
207 664
209 444
215 651
216 375
219 214
214 363
221 241
225 133
133 141
141 366
226 578
227 187
231 317
233 278
236 447
237 421
238 20
239 417
242 171
243 30
30 463
244 184
245 47
248 95
95 554
249 160
160 494
251 110
110 99
99 325
252 617
256 73
257 588
258 398
261 267
265 622
267 71
71 508
268 574
271 31
31 184
273 462
274 38
38 320
277 50
278 484
280 52
281 69
282 211
284 42
285 607
286 673
289 46
291 653
292 587
293 419
296 632
299 391
302 529
306 41
307 536
311 276
312 623
314 254
254 674
315 200
317 186
186 564
318 18
320 70
70 595
321 21
325 531
328 632
330 161
333 400
334 246
246 212
335 288
337 456
338 73
339 205
205 259
259 118
118 678
342 666
344 357
346 620
349 367
350 196
196 661
353 33
357 471
359 414
360 287
287 275
363 613
364 472
365 150
150 631
366 362
367 564
369 471
371 23
23 326
375 631
378 423
379 571
381 662
386 530
387 157
388 46
389 46
46 235
390 672
391 34
394 211
211 159
396 473
397 398
398 354
354 264
264 430
402 645
403 677
407 536
410 50
412 601
413 139
414 19
19 362
415 500
416 582
417 143
418 522
423 218
218 594
424 75
425 608
428 566
429 605
430 75
75 431
431 470
436 310
310 234
234 323
323 340
340 392
392 106
438 48
48 566
439 190
190 298
298 341
341 177
177 144
144 210
441 597
445 102
102 229
449 269
454 421
421 121
455 232
232 74
74 159
159 136
459 148
460 586
461 521
462 572
465 481
467 263
263 352
469 101
472 316
473 674
475 260
476 527
477 600
481 308
482 223
223 100
483 605
484 563
485 276
276 568
486 84
487 184
184 670
488 132
132 272
272 401
401 72
72 503
494 294
294 230
230 638
495 442
442 636
498 290
290 324
500 427
427 552
502 496
503 347
347 687
504 480
505 606
507 524
511 210
513 224
517 58
519 309
309 139
520 440
440 405
405 527
521 343
343 408
408 327
523 474
474 499
525 547
527 546
528 313
313 152
152 595
530 81
81 593
532 541
535 370
536 47
47 98
98 52
537 542
539 444
444 49
49 153
540 361
542 393
393 362
362 404
544 270
545 491
546 543
543 20
20 26
26 200
547 183
183 253
548 526
526 656
550 62
554 383
383 332
332 374
556 534
558 58
58 275
275 437
437 598
559 464
560 304
561 7
7 516
516 156
156 270
270 384
384 308
308 630
564 87
87 490
567 345
345 176
568 111
111 18
18 16
572 136
573 37
37 198
198 208
208 562
562 673
577 269
269 255
255 316
316 463
463 100
100 373
578 557
557 356
356 101
101 331
331 479
479 616
579 157
157 635
580 197
583 541
541 73
584 646
585 447
588 382
589 121
121 623
590 492
492 647
593 458
458 447
447 683
595 655
596 654
602 555
603 638
605 54
606 630
608 84
84 336
336 549
549 456
456 203
609 35
610 377
377 533
533 514
514 123
123 1
611 279
612 319
615 361
361 351
351 96
96 627
618 553
553 36
36 380
380 355
355 683
619 148
620 622
621 496
622 113
113 406
406 182
625 571
571 279
279 122
122 654
627 614
614 490
490 241
241 127
127 524
628 617
630 660
631 348
348 50
632 480
480 446
633 189
189 151
151 108
108 104
104 597
597 660
635 139
636 288
288 145
145 641
639 435
435 586
640 448
448 368
368 303
303 629
629 69
69 581
641 570
642 33
33 506
506 370
643 93
93 452
452 204
644 529
529 422
645 372
647 399
399 212
212 128
128 587
587 182
182 55
648 510
510 599
599 534
534 468
468 197
649 679
650 420
651 451
451 395
395 687
654 638
638 8
8 446
446 17
17 409
409 326
655 50
50 45
45 515
515 142
142 496
496 538
538 491
491 229
229 220
220 200
200 260
656 168
168 97
658 262
262 42
42 426
426 171
171 576
576 204
204 187
659 385
660 443
661 637
637 90
90 260
662 586
586 607
607 16
16 422
422 326
326 161
663 471
471 370
664 675
665 433
433 176
666 524
524 54
54 224
668 563
563 253
253 304
304 41
41 169
169 565
565 592
592 594
669 555
555 478
478 617
617 52
52 682
670 191
191 508
671 591
672 450
450 224
224 508
508 466
674 646
677 653
653 626
626 247
247 153
678 432
432 499
499 149
149 266
679 552
552 372
372 139
139 115
115 675
675 689
681 283
283 370
370 591
591 187
187 55
55 199
199 624
624 106
106 11
11 125
125 434
434 601
601 574
574 657
657 240
240 170
170 613
613 203
203 616
616 680
680 176
176 358
358 489
489 324
324 443
443 352
352 6
6 581
581 466
466 501
501 400
400 569
569 1
1 301
301 575
575 56
56 319
682 509
509 161
161 329
329 453
453 594
594 61
61 158
158 382
382 300
300 327
327 305
305 322
322 73
73 295
295 497
684 250
685 604
686 131
131 3
3 266
266 646
646 404
404 551
551 457
687 114
114 250
250 457
457 235
235 136
136 512
512 373
373 464
464 493
493 522
522 228
228 217
217 582
582 385
385 598
598 12
12 531
531 34
34 153
153 604
604 148
148 470
470 673
673 62
688 600
600 676
676 147
147 376
376 210
210 518
518 652
652 143
143 78
78 420
420 197
197 213
213 62
62 570
570 497
497 374
374 222
222 35
35 411
411 623
623 419
419 319
319 634
634 260
260 172
172 97
97 683
683 140
140 566
566 667
667 21
21 297
297 689 
0 0 0 1 1 1 1 0 1 1 0 1 0 0 1 0 0 1 0 1 0 1 0 1 0 1 0 0 0 1 0 1 1 1 0 1 1 1 0 0 0 1 0 1 1 1 0 0 1 1 1 1 0 0 0 1 1 1 0 0 0 1 0 0 0 1 0 1 1 1 0 0 1 1 1 0 1 0 1 0 1 1 0 0 0 0 0 0 1 1 0 0 1 0 0 1 0 1 1 1 1 0 0 1 1 0 0 1 0 1 0 0 1 1 1 0 1 0 0 1 0 1 0 1 1 1 0 1 1 1 1 1 0 0 1 0 1 1 1 1 0 0 0 1 0 1 1 0 1 0 1 0 1 1 0 0 0 1 0 1 0 0 0 1 0 1 1 0 1 0 1 1 0 0 1 1 1 0 1 0 1 0 1 1 0 1 0 0 1 1 0 1 1 0 0 1 0 0 0 1 0 1 0 1 1 1 0 1 1 1 0 1 0 1 0 1 0 1 1 1 1 1 0 1 0 0 1 1 0 0 1 1 0 1 1 0 0 1 0 1 1 1 1 0 0 0 0 1 1 1 0 0 1 0 1 0 1 0 0 1 1 0 0 1 0 1 0 1 0 1 1 0 1 0 1 0 1 1 1 1 0 0 1 1 0 1 0 1 0 0 1 1 0 1 0 1 1 1 0 0 1 0 1 0 1 0 1 0 1 1 1 1 0 1 1 0 1 1 0 1 0 0 0 0 1 0 1 0 1 0 0 1 1 0 0 1 1 1 1 1 1 0 1 0 0 1 1 0 0 1 1 0 1 0 1 0 0 1 0 0 1 1 1 0 1 0 1 1 0 0 0 0 0 1 0 1 1 0 0 0 0 1 0 1 0 0 1 1 1 0 0 0 0 1 1 1 1 1 0 1 0 1 1 1 1 1 0 0 0 0 1 1 1 1 0 0 0 0 1 0 0 1 0 1 1 0 0 1 1 1 1 0 0 0 1 0 0 1 1 1 0 0 0 0 0 0 0 1 0 0 0 0 1 1 1 0 1 0 0 0 0 0 1 1 1 1 1 1 1 1 0 0 1 0 1 0 1 1 1 1 0 1 0 0 1 0 0 1 0 0 0 0 0 1 1 0 1 1 1 1 1 0 1 0 0 1 1 0 0 0 0 1 0 1 0 0 1 1 0 0 0 1 1 0 0 1 0 1 1 0 1 1 1 1 1 0 0 0 0 1 0 1 1 1 1 0 0 0 1 1 0 1 0 0 1 0 0 1 0 0 1 1 0 1 1 1 1 1 1 1 1 1 1 0 1 1 0 0 1 0 1 0 1 1 1 0 1 1 0 1 0 0 1 1 1 1 1 0 1 1 1 0 1 1 0 0 1 1 0 1 0 1 1 1 0 0 0 0 1 0 0 1 1 1 1 1 0 0 0 0 0 0 1 1 1 1 1 0 0 0 0 0 1 1 0 0 0 0 0 1 0 1 0 0 1 0 1 1 1 0 1 1 0 0 0 1 1 1 0 1 1 1 0 1 0 0 1 0 0 1 1 0 1 1 1 0 0 1 0 
568226258 989044518 737178786 349237257 704661054 497770504 371391321 386466325 343880071 118381200 874566417 555379814 42112640 290725062 932573690 180310471 647319763 866956164 549080616 646015339 424603318 951487127 806577604 311950794 916354251 818129707 101514498 352343608 619101788 820645149 875543617 416636448 898698190 294877831 716463407 65747033 937260899 324511730 231058842 770167408 66925589 302560318 178484010 40454807 150554482 201843163 78798486 788928197 118815133 789567576 729797435 363861168 112581023 650863555 689127516 219506075 226005451 505331590 29552205 566367354 282757582 298687856 115077709 214923974 876520318 456752821 588193740 1698133 873213444 261157537 437819208 387587791 366956563 796701703 973705327 816582173 348022483 982245535 419563456 425380616 565887616 630723574 214457631 583178165 501726305 866754946 689225872 820047546 23133348 181013249 344044863 617528142 477026473 736071472 308653392 68544934 555295731 268589083 548433124 562457139 60329508 353865964 900297732 386641749 666599525 284496312 441121650 431099316 866024690 31546498 204428569 141702160 16102849 893638684 626285049 978921960 613695490 164557519 870993528 801650859 994791032 276559486 352398183 570803715 114796307 974004889 578312875 102304054 37708498 375694607 668847007 714834661 904212937 160762276 647334359 893637915 288527023 294780983 606243785 587801197 343806140 63619847 700868013 733212113 719546765 766796615 532848085 546741962 941927390 428944861 250755770 595613698 368585872 203628413 631785072 571740979 717396718 261871249 506382965 521133335 684959551 1773867 497948808 530674353 325279328 393298969 10524036 138738304 607629393 718166123 350473702 90876906 777784278 850361709 928800986 385968202 535296224 854857516 300549991 837282251 561828456 77735646 288753148 315623422 923001689 523312907 687857669 705572369 695391086 625745955 803300351 113758304 616199135 588518980 570825062 395160330 873059825 433328056 565241155 934066744 658612253 978461145 288312375 28854778 968289637 824572907 735574151 815219265 635269076 268587945 705345171 67069702 376610968 104444527 636865138 646837878 371762153 711141039 890170935 8004546 122984132 335148798 646779894 210397103 941622211 704886018 235216393 442115287 512385732 258777723 460942316 661405635 111753021 516133874 988413722 712900878 232521567 334182695 926805321 37221662 263531565 732072287 242385446 815673557 232523131 756538397 196744254 402041145 666361937 674582253 318119132 642044742 163920389 305813391 885033794 834958936 301820106 864056226 593800683 663203287 118342085 248176842 713556947 499389309 444198699 398855564 437325923 188764225 381419837 420294067 713418362 995922923 527316928 923670578 244807171 334957327 734937595 406623177 109157850 680929775 444210606 703124746 484977739 211104886 409821464 861173253 250812978 502704852 569722747 775184282 741571340 53550404 910018688 289230035 218833489 960048988 778398267 272968205 66772911 858095628 627182249 816642647 428946942 20351690 326626862 541587189 269904139 420578368 760409412 586549730 749293011 370674577 573999011 7744658 151005214 334109207 949270188 20409248 539358615 957790754 712168140 321634046 799613774 37800800 157184590 267653668 46820479 798329902 157776720 989913457 183559516 815356978 691517429 91950768 93204538 120150863 254217703 151605979 548289416 1370564 689628540 487757302 783158170 85590554 115451105 125522517 252108561 160162371 140806743 562017936 7018435 403610516 852406826 850067164 984655529 981975942 484622981 139055133 119981469 84521734 5247935 410248889 515150303 441014740 39267309 254194884 902009921 330876759 453119686 860145690 396542672 964641169 676015898 365624177 545084898 907235636 24351183 683495023 616217831 71329762 980189861 725125761 370845948 853293902 112752136 261806382 919722247 459654186 58465898 120057558 639585295 370561003 73099765 738437513 395374235 709029293 11163151 474441252 218545155 717684939 552819417 909851360 422616246 796601854 706494114 153892202 308113628 397597324 795252140 287208362 310028670 930351494 523006850 579006613 755817242 142108557 345376599 509500368 444885876 829978922 734406305 225846980 725001702 4571724 123705699 586751448 380631883 994892907 797766917 861868112 87333982 590608400 79357000 417446335 770437549 744816592 107102075 275751368 617462754 228228849 300556296 414869539 548891684 437343261 836243851 140275015 667414600 572965787 195284277 828563529 625287745 198953261 567464107 928720154 971836167 166127567 188672210 658613343 843341437 471738398 611845351 331485167 195478713 242774460 282378978 84872398 179783196 492638428 611112175 807979857 794984959 72018179 407686415 85447622 702393820 806418834 169264966 957791216 918160648 995538923 659419568 813304586 216753331 950611089 455623642 139201429 949441280 939364008 306077688 336477593 457868879 539519125 9122473 231909778 937842736 832920985 160376372 289046953 339618951 933382790 215057434 750949431 648095921 738369318 590996299 691032699 946130919 404386605 603667859 99279423 227906106 991420320 113425528 982155091 884351873 953385309 11476978 628134578 123035762 342134090 317156501 638768469 627945171 946928394 702806335 478221863 854279454 24093157 114336014 125913235 945141006 462323752 147859843 344578466 332767921 860733359 595685039 494115776 906948997 819469797 851413009 245566011 643205073 37689540 515939669 632034668 118707013 146086241 913138797 754139834 905699309 112574049 331183468 453402139 47733994 64565170 446369290 333227048 819888138 575437495 898680385 161135040 541862838 500697164 526208034 65134910 86518637 514130088 148559806 384156615 604565184 823828385 146368868 357251746 380553907 666311371 868614523 513364599 351345066 82221905 997351879 526137816 53453355 718249995 372026688 126694543 426934089 391752904 324321271 756302874 410147009 859915163 614221678 270077290 263278291 718925537 592270151 561178059 161202486 64479578 110156710 873982067 358439959 327136666 231548067 751797429 17763991 160423326 713445471 473423642 22832065 454031305 654155441 625052280 363831144 565264474 609093561 716111355 410145286 502876635 490979655 670838794 447356125 357472224 990084782 501686380 240053490 844761972 528476103 73793415 887733692 730456123 295047339 828587330 218203081 881819991 167107498 434669291 964759303 286909889 839780290 184569377 813507679 997397588 375016832 598452052 438570937 635383471 844669379 314682131 523887884 136281753 477548489 328748347 238963788 761443971 985092902 181932735 510278712 357261737 319715051 171335409 12944010 708647173 146626447 943840726 607412864 725670734 526944752 891495703 250915714 868007495 133887037 251286571 934303254 893687850 587551439 740626338 88550585 822269859 496023229 269852384 722169829 552558467 630780597 379249678 120348723 993510621 513874776 
774
3 136 3
4 18
3 668 1
1 201
3 285 1
1 507
1 35
1 491
5 517 270247962
5 291 667535408
5 194 298399519
1 427
1 619
3 407 2
2 688
2 610
5 659 147602524
5 350 630564238
2 76
1 573
4 480
1 134
2 133
5 518 432634301
1 301
5 54 629020082
1 261
4 364
3 96 1
5 233 530657599
2 190
2 533
2 458
1 539
4 527
3 13 1
2 59
2 144
3 492 1
1 469
5 30 121851419
3 475 1
3 62 4
4 211
1 654
5 416 506188071
2 195
4 346
5 252 721742430
1 617
4 37
1 74
2 39
4 611
3 327 2
2 641
1 434
5 312 679021799
3 95 2
5 175 366490212
4 645
5 125 115708993
2 60
4 551
2 616
5 624 48443840
1 672
2 367
4 126
5 94 54287660
4 295
5 306 644153611
5 139 812564204
5 512 376575851
5 159 333987683
2 66
4 208
1 520
2 17
5 179 776829452
2 527
3 102 2
5 496 732967290
5 352 493597536
2 632
1 441
4 127
1 133
2 574
3 489 2
5 505 662751839
1 340
2 594
2 352
5 178 940443663
4 60
3 375 2
1 273
5 381 502947189
5 127 729732194
2 256
5 346 290967383
2 164
2 642
1 46
4 160
5 248 869290989
3 280 1
2 605
1 19
1 43
4 316
1 422
4 455
4 357
1 455
1 25
5 411 474016285
5 94 466809133
1 402
1 430
2 483
3 289 1
3 64 1
1 551
3 117 1
4 475
5 558 537825655
1 93
5 207 478314399
4 376
5 142 733456946
1 468
5 488 724432763
5 169 528971950
5 86 226064324
2 620
1 47
1 90
1 191
4 208
1 603
3 352 3
1 68
2 364
3 91 1
2 48
2 198
3 252 1
1 141
4 232
2 117
1 162
2 89
3 447 4
4 105
4 228
3 22 1
2 17
1 558
2 612
4 688
4 153
2 498
5 362 828202977
2 86
4 315
2 624
4 132
3 406 2
3 686 1
3 297 2
1 510
2 391
4 277
5 232 325332732
2 675
2 659
5 450 388596384
2 175
2 39
4 551
2 624
2 291
2 77
2 246
3 198 2
1 285
2 482
1 99
5 587 103970733
3 26 2
3 385 3
1 4
3 203 3
4 523
3 504 1
1 335
5 38 792593098
2 445
3 685 1
3 499 2
2 40
2 129
5 56 745112501
5 496 245225835
4 98
2 429
5 291 746780618
5 660 165309310
5 165 208037861
3 3 3
5 527 831887593
5 314 909339928
3 20 1
3 28 1
1 40
2 46
3 666 2
1 484
3 674 3
4 59
5 284 884627035
1 353
4 103
4 368
5 337 344280654
5 47 658446008
1 449
2 452
2 472
5 590 94274408
4 412
5 289 200451271
3 381 1
1 551
5 584 584639796
2 433
4 484
4 557
4 476
5 675 406258045
1 97
2 156
2 641
3 638 3
2 442
5 614 169229153
2 531
4 586
1 419
1 247
3 598 1
1 619
2 306
1 456
1 329
3 80 1
2 538
3 36 3
5 128 875448603
2 497
2 160
2 379
1 414
1 512
2 488
4 268
3 84 3
2 617
1 500
5 23 763241076
5 152 324013795
4 663
3 638 2
3 422 3
5 249 512144079
3 234 1
4 92
4 395
3 112 1
2 30
5 684 631119865
1 455
4 305
2 167
4 237
5 405 449683373
1 214
1 305
2 615
3 366 1
5 492 182380506
3 241 3
1 609
4 204
3 225 1
2 230
5 513 22662274
4 4
4 464
3 365 1
5 76 314760700
5 463 466945040
3 287 1
5 394 202327026
3 569 2
4 311
2 276
3 420 2
2 660
2 95
4 484
5 629 575625647
1 255
3 117 1
1 251
4 515
1 4
1 407
2 494
5 466 545771130
2 662
1 512
4 78
5 164 684613674
5 233 588633813
2 636
1 369
1 210
4 537
3 479 2
4 430
3 554 2
1 497
4 586
3 256 1
1 477
2 508
5 271 886502775
2 393
4 653
4 452
4 171
4 466
3 75 1
4 157
2 90
5 626 647597678
2 519
4 249
5 391 209963481
3 360 1
3 638 3
5 583 533476294
1 514
2 511
4 217
1 268
4 514
3 309 2
2 389
3 451 1
2 260
5 609 858526577
3 66 1
4 163
2 282
4 672
4 438
1 51
2 17
2 13
1 569
4 461
5 16 197914986
1 660
2 569
3 72 1
3 246 1
4 384
3 444 2
3 495 1
5 196 142220493
5 231 676847250
2 466
4 320
3 628 1
5 443 307807169
1 502
3 472 1
4 339
3 685 1
5 316 457267664
4 467
3 70 1
2 459
4 462
1 577
1 676
4 350
4 135
2 580
2 632
2 59
3 57 1
1 201
4 350
5 494 421740677
2 219
4 29
3 128 2
1 526
3 449 3
3 497 3
2 296
5 516 983902504
4 427
1 204
4 277
2 587
1 215
5 80 833669502
5 172 685711482
5 385 820150364
2 181
2 253
1 356
2 163
4 546
4 386
4 42
3 482 1
3 423 2
1 18
1 268
2 552
2 545
3 342 1
1 146
3 145 2
5 112 965360468
2 143
4 146
4 588
4 45
4 380
5 379 552040288
2 650
2 586
5 559 53631774
4 92
3 613 1
4 408
5 265 624055417
5 685 415305284
4 227
2 581
2 41
2 335
2 658
2 420
1 404
1 662
3 122 2
1 36
1 157
4 20
2 467
4 315
1 346
1 43
5 556 534732485
5 505 44365315
4 165
1 325
3 510 1
4 115
3 277 1
5 125 804763884
1 378
5 326 33320560
4 75
4 269
1 428
5 415 271957363
3 280 1
4 682
2 167
1 596
4 209
1 165
3 309 1
1 464
2 614
4 2
1 141
4 641
4 671
4 229
4 5
1 177
5 516 349677990
3 620 2
1 213
4 373
3 567 1
1 28
3 106 2
3 120 1
1 171
3 54 2
5 368 425807240
1 129
1 14
5 569 159408876
5 220 257843609
5 613 61899853
1 229
5 588 608393029
4 685
1 444
2 684
1 683
4 49
5 96 164490964
4 595
2 384
5 317 242552086
3 38 2
2 533
2 180
4 3
3 441 1
3 426 3
5 568 308965892
5 2 166221319
5 146 728367113
3 505 1
2 189
5 240 88418321
4 13
1 474
3 304 2
1 290
3 152 2
3 651 1
4 108
2 500
3 599 1
5 323 270238017
3 317 2
5 377 633723023
5 93 610008981
5 368 385338314
1 489
3 355 2
5 507 468502110
5 257 785087533
5 81 852679502
4 490
3 32 1
3 446 3
2 236
3 325 1
5 128 152736645
5 554 608565877
2 258
1 90
4 30
4 658
2 629
1 589
4 673
5 199 636497801
5 325 621200398
3 545 1
1 512
3 387 1
3 642 1
5 349 472227154
1 445
2 155
1 678
4 521
1 54
3 424 1
5 298 990955482
2 52
5 524 352420836
5 65 786333330
3 379 1
1 231
1 117
4 674
1 415
1 535
5 23 361032688
3 233 1
4 421
4 232
2 607
3 395 2
4 150
2 303
5 100 426837406
3 121 3
1 277
1 399
2 63
4 345
2 627
5 500 340136075
5 570 124266609
5 490 337115747
1 557
2 141
1 288
4 83
4 467
2 117
2 527
2 437
5 155 409876890
1 40
3 384 2
2 268
4 317
3 152 1
1 502
1 95
4 339
4 621
5 220 400106420
5 399 535476428
5 654 155162835
4 631
2 467
4 628
2 639
1 310
2 165
2 580
3 419 1
5 270 256933372
1 636
2 208
2 612
4 483
3 669 1
2 437
1 435
4 659
3 293 1
3 315 1
5 157 856335082
5 245 109024315
1 82
2 232
2 203
2 40
2 119
1 116
2 437
4 313
5 44 684174255
4 309
3 6 2
1 54
4 286
2 541
5 57 528267271
4 259
5 462 396559855
4 384
5 216 309316223
2 500
3 653 3
5 611 317317322
4 131
5 199 20428608
2 358
5 638 233253761
4 57
2 14
1 433
4 122
2 106
3 561 1
3 677 2
1 249
3 608 1
3 332 1
4 602
1 661
3 62 3
5 662 152921189
2 335
4 42
1 108
5 90 11858062
3 212 1
2 274
4 107
4 564
3 523 1
4 136
3 423 1
3 315 1
5 167 494257982
2 50
1 617
2 81
3 396 1
1 563
2 364
2 657
5 91 256638155
3 299 1
4 543
4 146
2 341
4 47
3 166 1
3 474 1
2 662
4 588
3 634 1
1 8
3 96 2
2 678
5 278 987799330
2 215
4 40
1 664
4 92
3 526 1
2 225
4 414
5 321 620977997
1 569
3 419 2
3 58 3
4 650
5 144 201838347
5 114 579897639
1 96
5 316 863292754
1 604
2 285
3 372 1
3 327 2
1 484
1 235
3 532 1
4 11
3 66 1
3 136 4
1 593
1 39
2 337
5 437 740996025
1 555
5 326 852215027
3 388 2
4 629
4 403
5 475 48089679
4 611
3 660 2
2 171
3 74 1
3 622 3
4 467
